393777
427522
482887
435416
439870
450610
446036
439541
429191
481186
442978
438673
475954
432331
429259
464687
438628
432881
431440
426773
447126
432524
447524
449206
439451
430820
466636
425351
419881
456764
434029
436075
429293
438338
468791
425606
431740
429316
450260
429269
435365
462799
435158
431368
447237
438626
440651
429422
434902
448032
432324
431793
435687
423499
461996
433823
428636
421137
438837
471128
433746
444224
440686
428936
426585
444046
428056
475401
450949
470821
442513
450963
431247
464066
455060
430911
429592
482661
425153
457005
442774
426241
477377
449436
429259
465957
449905
480767
429188
434239
467142
433736
452827
434109
554451
426004
433995
450963
451143
430425
