3783202
3950454
3881330
3976117
4052534
3834240
4009181
4014708
3929873
3809561
3779009
4064521
4082719
4086021
3955440
4033472
3824111
3805230
3859967
3994624
3843843
3850219
3884865
3886682
4084499
3855443
4030615
4091806
4066775
3893734
3767196
4016832
4140505
3761436
3977635
3829052
3865858
3792114
4260335
3893324
4102727
3870444
3981042
3831164
3955968
3817219
3767228
3895421
3884771
3993761
4134157
3759261
4083794
3918764
4322765
4114578
3954464
4040139
4179843
3794988
3755356
4001708
3887010
3886674
3909375
4007979
4084077
3883882
3980713
3908758
4071735
3853058
3905821
4165662
4059239
4056897
3637644
3794275
3999092
3795937
4047768
3921026
4073902
3877102
3748760
4146710
3966258
3979810
3863440
3884214
4055664
3996652
4049554
4043040
4220400
4052792
3925437
3773245
3834909
3760080
