161015395
162903282
159736578
161281289
159846388
160092387
160826821
160239550
160286062
164474368
160105844
159767353
159938940
160590069
160892002
161007201
159510597
160214939
160686364
160563708
160284282
160565069
160027198
161838525
160210874
160756219
162663118
160853551
160916904
160686619
161502231
161159633
161988690
160207821
161569246
161879046
162485625
160604948
160760842
161691064
160978592
160716020
160312145
161273233
161994863
159460634
160769690
162136706
160587126
160061757
160342077
160168317
161137818
159606301
161138238
160456154
160671817
160175175
160288802
159522452
160699538
160458368
160724918
159706198
161016050
159731257
160934215
159437784
161345368
160157217
160452224
159473255
160335251
159973062
160506417
159003681
161114875
160041686
161874046
159994108
161065754
159481530
160922150
159691605
162057590
159746281
160669748
159515509
161880159
161173121
161334766
160346744
159230363
160206274
162035866
160367013
160603881
160716222
159569098
161802968
