64110713
66169906
65029822
63639012
64171748
65020969
68547428
62957375
63096110
63262439
63854764
63273746
63786911
63578175
63654455
63397593
63677602
63393502
65443864
62897220
63940479
64006289
64099906
63710193
62780689
63165634
63922891
63305599
63525033
64480282
63393846
63235445
63582293
63153367
63111126
63576681
63196386
63216494
62899625
63000451
63955595
63406723
63743951
63721883
63444210
63647001
63889347
63141225
63663783
63823876
63474173
63456439
63201608
64068492
63399175
63602563
63856371
63441242
63443605
64267158
63535070
63583309
63839398
63675050
63247506
63214055
63359530
63293863
63198947
62966488
64076777
63702878
63828188
63236547
63875497
64286147
63460628
62943917
63941614
62938910
63291630
63719661
63500200
63120591
63133013
63179144
63313875
63340891
63218312
63207202
63295501
63125269
63538588
63409624
63636860
62679273
64510876
63025597
63728558
63770940
