114056830
113866569
113717843
125478094
112531869
113582008
114962118
113276376
113899685
113564801
113770878
113590830
113444771
112583894
113402819
113247589
113295857
113346193
113156151
113632471
113376342
112689665
113886178
112785601
113411863
113143242
112863934
114663405
112804979
112747785
114224951
112819959
113158857
113220570
114081358
114406806
113196991
113750311
113499954
113895365
113522309
113026502
112773628
112673364
113432889
113544683
113270806
113977908
113270295
114134961
114565641
113820948
113798701
113131261
113391900
113099607
113142315
113815576
113643259
113477035
113329915
113823630
113088785
113229300
113793388
113557208
114661809
113448282
113364602
114097274
114302540
113954358
113060860
112667050
114011480
112857106
113790738
117621353
113663959
113181506
113270329
113242050
113021680
113774636
113118357
112837242
114087943
113811253
113406104
114500512
114108522
113031793
113004027
113737777
113302931
114738703
113273999
114350594
113605126
113199324
