11424104
11265473
10930890
11054895
11074743
11101918
11525256
11079453
11478557
11523762
11164320
11177110
11032171
11162879
11446119
11740692
11628072
11298658
11322824
11529729
11581399
11099813
11444906
11409127
11296352
11173416
11106106
11419540
11907621
11562308
10967066
11157762
11281848
11460977
10813672
11401343
11443335
11025334
11171156
11690495
11140853
10946824
11453405
11423707
11841833
11674873
11291287
11608862
11701135
11526471
12815282
11859692
11419867
11128239
11355114
11273455
11283040
11056039
11621476
10810316
11141268
11202800
11390717
11327757
11041762
11512560
11207228
11110477
10965660
11898167
11139705
11341816
11501439
11144488
11339477
11102059
10965553
10979639
15041265
11300958
11599142
11039318
10894813
11389957
11678611
11350211
11844715
11122563
11327360
11476211
11670823
11229136
11351805
11502483
10783410
11134790
11445201
10820833
10826478
11056950
