44210332
44158728
44024142
44193682
43908852
44218840
46417193
44872555
45218162
44034796
44024331
44151983
44195086
43864900
44520511
43996482
43883329
44089541
44698428
44203276
43652776
44059623
44522087
43887909
43898202
44229783
45804950
43397101
43720594
43618842
44955725
44119173
44156543
44000894
43805816
43058791
44084306
44135899
44118326
43847170
45855010
44044681
43963110
44170286
44378816
43357377
49451591
44218069
43879540
44040698
43469531
43897987
43644316
43962221
44207400
43964430
43919426
44770193
43995311
43797708
44013161
43942231
44195068
44011844
43781456
43550888
44279237
44129973
44389506
43841681
43641182
44972378
44237000
43805382
44110634
43921119
44199111
44270470
44113387
44037961
44995586
44872757
44138650
44050873
43747266
43943458
44289994
44225964
43802585
43961590
43796867
43597322
44347681
44298906
44517311
43873777
43542995
43966599
43725559
43695048
