198328268
196835562
196240764
196152486
196970386
195838704
198164313
195806222
196880636
195895187
195493549
196662339
196319966
197571212
197456198
195890441
196975937
194995000
198457474
195953355
197401070
196538294
197308510
194899495
197743781
196064063
197118138
198118791
195729257
198071334
195559450
196062772
197573041
195887627
196310560
197374168
195486483
195243873
195068002
195609602
195529158
195847180
195684427
195415059
196232591
196980105
195252883
195773556
194768313
196276468
195950756
197192601
196199251
196253300
198026959
197134068
207117392
195314163
197027603
196201542
195389073
195910358
196819808
195701730
197047328
195319811
243808598
195926963
195967799
195412845
198063270
195843962
197187185
195641771
197295368
195654828
195663044
197271180
196417457
198110743
195486837
197809598
199683892
197371862
202196601
198888070
195904102
200751305
195168272
198897273
195546273
197588622
199500963
195994111
199205682
195140112
197334617
196064518
198499141
194843924
