75496464
74031246
74291475
75088314
74562475
74286602
75200903
78208694
76798548
75341142
75886548
74058506
74650222
73946796
75436319
74292758
74514396
74757804
74331194
74753436
74373342
74796375
74289244
74580386
75007828
75169861
74870824
74281446
74586454
74075038
75194129
74064092
75255686
74757843
74719279
74601324
74431946
74754684
75383064
74276244
73968729
74409735
74823051
75018226
74888050
74364508
75317362
74128311
74595596
74723308
74933634
73788924
74820201
74219157
74535971
74503395
74830501
74499847
74929777
74627022
74540942
74754164
75492869
74531543
74847336
75275727
74332302
74568547
74700995
76996574
75596710
74860266
74643157
74704917
75185659
74859218
74686823
74837451
74536487
74929669
74397373
74279807
75091088
74240047
74874251
74569625
74570554
75134510
74330094
74566483
74836246
74827148
74503328
74806357
74498707
74453125
73577216
74175279
74365714
75227191
