301390213
312466309
303036748
307313963
300477983
304473335
301712720
305048504
306557346
307633870
299809763
305832272
301007144
300458600
300532581
304012651
300901513
305831957
305613537
300615679
300758841
305317485
301050115
319249902
306659563
300077570
302182764
300423679
305029385
300112191
305153084
301628185
306072204
307327697
301729743
306042888
300546747
305010827
300152311
305147751
298692392
303958603
300723636
303921355
302251457
302250041
301050069
305643820
299761316
304600580
317034959
303699001
300671179
303142818
300783210
300381607
301936038
304177154
307537840
300193565
304245349
301202371
300472688
300504020
305080666
300137656
300732404
300322907
300204958
304037767
299873682
304851711
300674440
305367122
307381060
310446284
303830097
300555055
301513645
300945157
302240653
303338143
300744337
300222882
300121833
302575775
299590075
300866557
301811665
301055125
302015943
300573213
302361330
300966226
301204010
306292239
300524421
301842183
300601444
300447857
