360123059
353392448
352429843
350045349
348258132
349397536
350952256
348605003
349063945
353823688
348435482
349396757
350558266
349108774
350052705
350578788
354875510
352197376
349441752
350150780
351146738
352228523
348164021
348477615
354149477
350924407
348636374
355000108
352535456
371841386
349914602
350132874
355552941
349700716
349816633
348472655
354363114
350295779
354989585
352189055
348631431
355468907
351637390
355078353
353737717
353884260
349889920
349990790
349444244
348753733
350020899
351399627
349118084
350688054
355990898
353133827
348541560
350193106
357740048
351859201
351238278
366162715
358199796
377484669
364524699
361714619
364632782
353903396
355947878
356217537
352446177
391651981
358835071
348698195
350408893
351000127
356272281
351133991
355341205
366964212
350477012
348788526
349826225
349819651
355723129
350717949
354484961
353026494
364715251
369912460
361098144
357716630
349404130
348650048
349725239
349186933
348664486
349526107
350647683
356362188
