16285243
15997102
15941893
15894356
15887346
15946592
15834809
16135369
15873228
15570947
16066729
16287060
16199282
17702044
16474420
15959679
16382679
16086601
16097886
16372939
15486288
16317961
15396422
15726005
15981184
15758669
16020460
16364300
16023986
16258298
15964869
15683669
15757059
16214281
15911067
15981444
15599857
16368803
16268605
16263961
16536421
15617783
16109645
15880240
16314589
16126803
15485310
16392341
16259589
15824532
15917345
16134714
15767532
16055808
16035704
15890190
15948968
15792371
15841228
15712196
16282286
16600604
16585452
16755500
16054465
15930159
15694068
16446809
15582024
15558114
15516503
15979979
16009796
16236085
15899550
15924713
16021068
16012401
15914253
15529068
16025048
16282270
15710671
16114798
15905884
16306093
16216639
15878867
15835625
16067344
16071020
15615125
16054660
15803101
15929969
16526943
16257483
15422374
15953534
15877891
