6914440
7455371
7099084
7207926
6835483
7388505
6914503
7016204
7153113
7135917
6923818
6847185
7021525
7821937
7069670
6671520
6870002
6970204
7137872
7004127
6938742
7061156
7238334
7090604
7071208
7425476
7147543
6978012
6976546
6926832
6774431
7122340
6958337
6857530
7205345
7158202
6883908
7119330
7093696
7160102
7123433
6869854
7035258
6966268
7096916
7040391
6883062
7080266
7293469
6960993
7273960
7321010
7147608
6986722
7104337
6843429
6954090
7086049
6994842
7053671
7146128
7248670
7265288
7053172
6999339
6866201
7738531
6955764
6848280
7056852
6925147
6997662
7223177
6833953
6918422
7227865
7288810
6896710
6879883
6945849
7204063
7120187
7008356
7136963
6814154
7071556
7138005
7099268
7094564
7288432
7076454
6889013
7025826
7207998
6980325
6656177
6810195
6389214
7268718
7163585
