277330794
279017648
278033655
281330845
278874812
284613177
280837400
282807222
278919849
283375773
278655028
277466771
277732748
278711596
277255735
290129663
278561109
282151682
278555977
282053214
282438156
278872311
283077217
278432959
283020952
276717568
281561127
276928402
281524673
279581768
282663637
279467381
282287245
282981714
281033981
282366955
279303847
284948131
277473978
280635169
281857433
287452734
283950864
281315907
276864603
282185791
280588966
284869704
278076928
283422583
278172584
281790984
277960756
277399469
277291387
281857512
278591777
281401496
278650662
284134205
277490582
281842517
277096644
282400369
276321278
281504303
277448799
281037488
279350568
281733103
277726717
282279241
278402799
367810399
278465751
281520382
277594952
329238735
278157152
282630151
296025542
281586529
277453408
281744020
277104849
281763181
276811796
281597041
278177921
286077749
277183712
286075105
277873424
286017485
277973352
277955803
281586575
277232049
282487171
277460170
