101603789
100101684
99958393
99956340
101581732
99531898
99278251
99768023
99576640
98877460
99574625
99414011
99789550
100406268
99485469
99216773
99459923
99584674
99517260
99549460
99957997
99395430
99753651
99481631
100671045
99526316
99153228
99669001
100519435
99331971
99426901
99687354
100208206
99847049
100005881
99508396
99814279
100480881
99945830
99209433
99787692
99323272
100035554
100899938
99803217
99842906
99792878
99554177
106258942
99281313
99186656
99837987
99433387
99042232
98604212
99188363
100679072
99672491
100439974
99968090
99086694
101561310
99641789
99189906
99474266
99995387
100678176
101004903
100885405
99388528
99658100
99483898
99621039
99495855
98575775
99565463
99593982
99690669
100003123
99905007
100728979
99685929
99241293
98755064
101550614
100070588
99598635
98963725
99922649
100511497
99930588
99897984
99157201
99111751
99555181
99945787
100186319
99728822
100067923
99722878
