177596350
181245516
177257362
181939539
176402117
176730430
177587950
177224697
178224071
177294454
177741715
177553154
177759319
178595432
178057965
178114271
177823388
177775763
178188772
177995416
176886998
178428559
177337466
177385285
177603773
178617569
177606758
177745631
178170770
178112229
179213317
177692453
177200337
178414393
177851453
177632822
179237003
176479292
178841167
177270794
180981227
178741032
177594338
178341191
180554004
177835496
180787714
178544308
179432518
178403782
180510794
179345511
177186540
178612460
178420397
179452771
177506833
179917285
177236820
177748841
179049737
181208406
179501577
176916813
178849016
178035117
177087053
178335966
180074660
176352928
178799616
179136157
181690892
178433550
178747370
177766942
177553823
178914923
176661583
176485384
178619516
177311117
178145043
176832635
178580754
178347741
178105518
177679896
178478357
177661777
177678286
179173978
177002240
178108251
178472177
177310228
178977254
177328525
178429488
178470748
