258949024
263450180
255924610
256221432
256058722
259470530
256117071
256601098
255530322
255760355
258728914
255418789
258802811
255460421
259659770
255824378
258557663
256132307
258592296
256206761
259014426
256043696
258033274
255233781
257994717
256186120
256250618
258901026
255739810
258687890
256374248
260222975
256755569
259182458
257195253
260811413
256414139
259049013
257061553
259860249
257005268
260537462
257388310
261310669
256992597
261235017
260516267
257670315
261206438
258722826
262257186
256782685
261830274
256873223
257580791
262073502
256882388
261276274
256422495
261501840
257151219
255403265
256867144
255241833
255373826
257646172
260388686
259519324
258764069
261675308
255827835
258293398
255558436
259200409
256619755
256878385
258296769
257969130
260641467
256795995
264016250
255374877
258972263
255119681
259283773
255719175
258878273
255317987
259199717
256004531
259425216
256618246
258751139
261276139
257393693
261125641
256369114
258726600
257153208
259662751
