87372171
102233342
86866640
86959014
87651876
87180073
86876672
86829929
86356463
86877999
87121628
86815625
86540433
86845002
86334992
87119898
87191814
87155149
87263184
86564186
85530115
87645606
87678080
87379054
86689248
87063250
86088499
86343336
88355988
86673357
86648827
88102480
86194799
86531873
87002529
87180957
86621766
87393165
86839423
87367745
87816513
88036497
86652838
86646728
86339052
86015682
87402821
86217039
86962703
86302242
86918541
86832846
87365592
87314302
89293414
87170541
87069953
86644214
86437923
88255371
86592281
85809518
87568241
86941753
86397104
86364338
87110584
87124278
86178649
86800408
86803142
87063434
86315855
85726193
86871877
86311244
86999797
86136756
86309506
87609897
86234961
86830747
86529204
86856333
86166585
86232974
86479226
86293430
86393590
87618866
86922480
87394064
86925465
87597188
86787006
86406592
87533793
87106735
86771933
87048555
