137324488
131833723
131106996
128624928
127843984
128279407
127923853
128986957
127734586
129883456
129296057
129093064
128418872
129902122
128198930
128336588
129604749
128449874
128301378
128024363
128302240
129618463
128120581
130355660
128351489
129849471
128470982
127653801
128266411
129261089
127273501
128586983
128536680
128928308
128960156
129610495
128457227
128565087
128413055
127555932
128221094
128663526
128645577
127650142
129070463
128449409
128852583
127446946
129208693
127907377
128575689
128286075
129112248
127582309
130400287
128734189
129351648
128181331
128163010
127415586
128347334
127777015
128241500
128212588
127739886
128364659
128105981
129880661
128489002
127976826
128188682
127332119
128577008
128952669
127765118
127726182
127584616
128512558
127013274
127954133
127712852
129238658
128753521
128558002
127479350
128815662
128274469
129749028
127525329
128058740
128064831
128272750
128641851
128205864
128800077
127601710
127915055
128301882
129091022
127647028
