417548620
408656938
421003583
411874862
400769426
400939860
407211564
400942368
407358993
400606881
408172995
400496083
407955285
401307159
408408290
399893123
407369456
399496826
407728777
400476497
406550901
400320105
407199519
403781806
403814436
417603692
406759850
402496850
408403848
401135163
408046614
409624843
400732060
412493869
406516643
407506261
402438771
408744937
414217360
401763846
408518947
400455785
407043190
399535398
406538948
403989476
400373440
403194021
409555643
402460235
406794879
400188174
406725048
399913699
409000978
403446787
408433267
417486601
409497539
401536507
406972245
403498826
408411711
400910040
408257068
400302061
410398588
401045543
407276610
400286539
410301627
400382631
415900269
401574512
409618263
400326184
407554362
405524316
400368281
407209805
399387025
401762577
409039967
402915998
407211032
409496089
400729203
400612732
403545366
402624283
409540374
400478022
407142079
405172516
407082447
399809956
407177600
400333089
407243213
400073495
