236048590
240831549
245728497
234800408
235096657
237798514
235026990
237239205
235070437
237617163
239425223
234454895
237349265
234144677
236929436
234698900
234792794
236164790
235114439
237757807
235050235
234843648
236598412
234951460
238091548
235049277
235024625
237499378
235685228
237609619
234913201
237345699
235458672
237617172
239596016
238679316
235983498
236502680
235367247
239503338
234519650
240084086
235313544
238106771
235311071
237003649
235342546
234170936
238200379
234896260
237171851
234481149
237711026
234947815
237054858
235412051
237241079
235054757
236710438
239188195
237645284
234676703
237250500
234481952
237405673
234969098
238582127
235942605
246568515
237793708
237837700
234519197
239899534
233882861
257586080
237231017
234911965
238286030
233813933
236269639
237226677
239122428
239820438
241000618
234432684
237481386
238133179
237437557
234853676
235215830
237064173
234039472
237806629
235130099
238970808
234479187
237995715
239913913
233741108
237064824
