29049068
28386317
28246849
28158934
28519593
28295183
28027063
27912648
29072038
28002399
42659099
28805286
29270225
28478506
27943832
29423533
28764881
29631061
29592161
29065689
29643943
28586499
30081634
28965054
29209400
29708876
28880204
28754983
28798311
29443809
33654900
33211968
29141703
29591844
28233845
28742278
29126418
29013421
27491797
28465514
28136174
28611496
28295240
28487064
28399463
28080785
27683324
28250062
28301662
29651091
30267739
29962665
28686890
28029143
29090379
28347387
28811517
28803250
27973889
27809509
28631163
27892734
29616984
29140619
29735988
28017238
27990211
28427795
28353023
28110175
28428445
28242105
28063612
28223547
28177114
28163121
28206037
27955302
28148276
28974226
28103051
28460868
28572125
28768803
28662710
29525617
29399280
27757777
28130459
28262672
27582503
28178867
28375936
28287264
28465070
28554639
28438435
28241889
27589112
28202571
