22035877
21512434
21385807
21605105
21700209
21588070
22007310
21312368
21289042
21221949
21772427
21814781
21828776
21535545
21947688
22219739
22057581
21989885
21863030
21685826
21467843
21038833
21997669
21684728
21080479
21701263
21686801
21550946
21208605
21234207
21605013
21840791
22596220
22079244
22387756
21663876
21486902
22033516
21202137
21626847
22090924
21585739
21318980
21841062
21223444
21490244
21520540
21168178
21656237
21652873
21197166
21550353
21496676
21724437
21559956
22181710
21133978
21717105
21423626
21769716
21778822
21452706
21500516
21187740
21611245
21538555
21658037
21578666
21401074
21369597
21464179
21222068
21210504
21673374
21298586
21916797
21627788
21753477
21879744
21261108
22079851
21677626
21378665
21290842
21653700
22086296
21480579
21733842
22036003
21359664
21524254
21455582
22010505
21912124
22001003
21414368
21957196
21878289
22051465
22135894
