388853618
377184374
384796746
383660326
374631093
376334668
374304340
373505303
375629991
376997900
376754497
374193140
376137795
374290658
373886483
374621073
374578632
375254670
374678743
375275752
374497088
376055927
376116298
374248367
376088950
381683506
376956805
372913219
373589998
374206591
374024066
375421147
374792628
372936003
375355360
374163318
373344391
373948238
375197935
382426911
375022645
375453158
374858408
375989518
381865072
374544274
377393243
375727580
374475379
374081534
374068736
374071741
375206454
376521022
373927076
382114755
374283260
374203425
377179302
380924879
374405107
383074517
374259188
375283069
373734822
377303478
373592982
373667500
374094627
374255799
374261400
374944625
374707006
374952890
377948567
374373885
375409394
374959574
374603017
374715880
374975915
373712297
374370754
374734805
373862387
380891942
378036279
374149852
375312481
373601110
373544134
373877785
373942475
376325036
374618206
374320473
373540129
376324603
382152004
374055728
