218832430
222582027
215700717
218349165
214912602
217430173
231780727
215048555
214760853
214898337
216228441
217276268
214535684
215027680
214666857
217176649
215518341
217818016
214955401
216805809
214529459
216137594
214963533
214935887
218209633
215064446
218960407
218536994
215486443
217944987
216023936
217651864
215686844
217376226
218335219
218748303
214458295
217689808
214669840
216301709
215751218
215813205
216218177
214282794
216595948
215335762
218284064
214818603
217746126
214234317
218161522
215188883
216969210
218276203
216131297
218810228
215146101
217214283
217722173
215855705
215056443
216315441
214858285
217034618
216149195
218503900
215983370
215301882
217442842
215383412
217018941
214311347
217883884
216700972
216693283
215267197
216224744
214485626
217283466
215271789
219557120
215622187
219971436
216493134
218833049
214697376
217410583
215242669
217058618
214287284
216489498
216293568
213981114
216493249
215090752
215475758
218576987
218914017
216425286
218586498
