53917573
53513432
53508211
52782938
53294668
53020101
53622393
54237064
54505720
53869266
53509636
52872545
53248345
54089466
53047534
52901679
52755720
53247623
53246590
53614945
53192064
53324566
53452760
53430856
53601912
53248442
53520100
53200578
53535648
53099232
53468706
53196593
53087281
53463836
53050116
53439977
53220735
53103561
53111195
53159042
53398699
53674755
53616710
52952131
52793915
52866014
52886464
53642117
53105407
53255304
53168079
52710323
53671522
52987842
52866153
52909290
53761205
52952484
53032702
52929815
53470085
53108097
53183180
53457790
53683012
53983108
53736204
53693333
53389088
53206943
53345433
53259141
52586084
53393628
53073203
53299950
52912055
53532004
53459603
52895223
53508619
53242055
53223468
53150916
53763103
53482308
53503424
53829524
55029598
53594268
53250401
52919506
52985255
53266609
52949902
53671266
53491265
53753852
53190751
54126917
