100 443426,19 19891,04 554451,00  100 graphics/insertion/insertion-100-100.txt
200 1767835,92 63031,65 2011170,00  100 graphics/insertion/insertion-100-200.txt
300 3947872,35 128885,13 4322765,00  100 graphics/insertion/insertion-100-300.txt
400 7055204,64 196868,70 7821937,00  100 graphics/insertion/insertion-100-400.txt
500 11358065,76 477802,14 15041265,00  100 graphics/insertion/insertion-100-500.txt
600 16023749,37 327702,30 17702044,00  100 graphics/insertion/insertion-100-600.txt
700 21643524,00 310880,99 22596220,00  100 graphics/insertion/insertion-100-700.txt
800 28837868,58 1656883,38 42659099,00  100 graphics/insertion/insertion-100-800.txt
900 35789003,13 504958,75 38421992,00  100 graphics/insertion/insertion-100-900.txt
1000 44177818,17 722053,84 49451591,00  100 graphics/insertion/insertion-100-1000.txt
1100 53344937,51 390982,90 55029598,00  100 graphics/insertion/insertion-100-1100.txt
1200 63628644,07 727995,00 68547428,00  100 graphics/insertion/insertion-100-1200.txt
1300 74755337,35 621059,91 78208694,00  100 graphics/insertion/insertion-100-1300.txt
1400 87043455,81 1637089,01 102233342,00  100 graphics/insertion/insertion-100-1400.txt
1500 99852911,73 881016,57 106258942,00  100 graphics/insertion/insertion-100-1500.txt
1600 113674773,95 1356472,81 125478094,00  100 graphics/insertion/insertion-100-1600.txt
1700 128596736,60 1195914,94 137324488,00  100 graphics/insertion/insertion-100-1700.txt
1800 144102101,61 1664810,76 158121850,00  100 graphics/insertion/insertion-100-1800.txt
1900 160678247,19 887261,29 164474368,00  100 graphics/insertion/insertion-100-1900.txt
2000 178263046,54 1151067,80 181939539,00  100 graphics/insertion/insertion-100-2000.txt
2100 197225625,81 4972086,56 243808598,00  100 graphics/insertion/insertion-100-2100.txt
2200 216632427,98 2192018,18 231780727,00  100 graphics/insertion/insertion-100-2200.txt
2300 236958671,38 3037564,08 257586080,00  100 graphics/insertion/insertion-100-2300.txt
2400 258070462,08 2102560,51 264016250,00  100 graphics/insertion/insertion-100-2400.txt
2500 281898070,26 10392148,48 367810399,00  100 graphics/insertion/insertion-100-2500.txt
2600 302985852,10 3400036,38 319249902,00  100 graphics/insertion/insertion-100-2600.txt
2700 327809062,12 6791566,59 363916816,00  100 graphics/insertion/insertion-100-2700.txt
2800 353658733,05 6697722,89 391651981,00  100 graphics/insertion/insertion-100-2800.txt
2900 375763437,31 2837121,34 388853618,00  100 graphics/insertion/insertion-100-2900.txt
3000 405405540,66 4697186,85 421003583,00  100 graphics/insertion/insertion-100-3000.txt
