1742107
1745825
1666930
1731126
1878971
1825725
1719831
1725812
1759560
1695147
1738300
1857185
1788586
1843936
1802140
1792641
1746937
1678120
1789915
1718766
1881151
2011170
1836103
1876027
1827243
1790972
1698499
1772907
1711592
1732143
1745816
1800126
1703667
1795065
1726579
1760318
1815929
1796091
1677814
1867914
1866686
1721145
1762735
1836831
1746216
1807245
1667185
1850365
1794554
1782395
1750182
1754584
1740696
1702100
1862958
1750424
1765003
1654073
1854550
1703429
1834495
1681171
1666551
1732686
1827060
1734319
1802402
1823515
1739132
1725536
1781512
1810432
1668043
1750757
1734812
1724653
1758860
1746740
1706256
1712545
1748064
1728884
1677182
1777697
1829093
1850767
1808367
1737090
1814727
1813474
1813364
1787039
1896194
1746843
1788193
1718060
1754740
1700220
1702090
1681985
