35207847
36212894
36311280
35395401
36544715
35552526
35662287
35270487
35329894
36041230
35273365
35261569
35706326
35517128
35419682
35909236
35729324
36028472
35835697
35972979
35977807
35586005
35654834
35078947
36224152
37915864
36508075
36689644
35522400
35608897
35671873
36009815
35538109
35583681
35774274
35026480
35954815
35560123
35207312
35564051
35552899
35706599
35806560
35988993
36067530
35338747
36189767
36258050
35711516
35629800
35518852
36041287
35362247
36120276
35566170
35591482
34955945
35294005
35829747
35127839
35832864
35737149
36130086
35463738
35799887
35925125
35856050
35381809
35484304
35712113
35739965
35957371
35684539
35972828
35432736
36312280
36069492
35695672
35998870
35928930
38421992
35571259
35514729
36616576
37142366
35873086
35450976
35829540
35824349
35295622
35447097
36112863
35432724
35746320
35491811
35743362
35694281
36127332
35480724
35469688
