144551809
148954114
145490036
144432803
145561329
144140797
143473798
144713120
143312294
144865542
144988506
143166789
143946424
143672142
145888879
142685152
144536823
145489009
143627696
144667547
143624310
144733236
143444286
143840611
143334697
143576201
143848831
143972102
143816274
143856025
143227771
145000181
143951778
144417554
143525384
143341891
144496075
143857170
145012919
143232621
143621746
142740094
143916077
143619987
144158662
158121850
145966832
143331497
144267815
143640703
142883578
143775309
143476674
143825146
143263183
144518203
144001221
143309817
143567886
143462161
144028717
143291106
143314400
143280528
142748578
143109966
143247359
143116786
143786960
143930139
144928359
145901646
144016779
143252408
143626773
144437483
143823916
144544961
142629867
143969914
145302984
143593615
143848962
143329955
143542027
145039761
143234431
143529133
143628963
143410550
143571544
143247505
143848251
143499448
144760416
144384424
143621462
143310158
143059073
143717887
