329551043
327137333
329172871
324017927
323274711
330559984
324082109
325689331
325075733
324733698
327197547
324941255
325957285
324768794
323640359
326237385
323626479
329604801
324348717
325128881
324205593
324433941
324307140
326009558
325823786
324350511
326609806
324504278
325884927
323391984
325395735
324203631
325443367
323443795
324083765
325689009
324802266
325415004
324000745
326849596
324086945
326176933
325247426
326054343
330561926
360556986
329222300
331853546
326391134
332015560
323600217
325854830
324738746
329328226
326658418
324549562
328812818
327110981
323691745
323631825
331434049
323405564
328802664
324055938
330587667
324173070
324993398
331310937
324501677
329534977
333743137
363916816
331915525
324706083
323882650
339999561
333655701
337589732
360900507
330412625
325046266
329101105
330909451
325460773
327054631
324156341
330532370
324356983
329961451
332635404
323669818
324669580
326342780
331117021
323752254
330189450
324887162
325095511
325181746
325524690
