45034502
46437883
45299164
44722350
45188031
44822940
53025433
44376139
48007337
47291310
44493952
45312137
46109897
46386877
45932430
46023289
46850909
45610797
45705953
44975922
45101530
46626161
46609961
44752577
45681322
44603110
46499378
45453060
46549295
44556896
44932105
44591793
46368405
44983368
46583605
44961388
45865824
45925644
44379450
46416897
45950947
45992457
45931019
48224592
43888309
45793490
45989058
46303891
45673704
45353929
46605524
47459507
46888356
46329294
46681159
47410556
45138622
44750969
44941628
46141736
46042270
44913854
45406855
45851415
45608731
48011549
45059896
45285679
46603672
43886491
46380847
45692305
46495076
44673422
45712811
46429393
46062098
45734121
46547894
47447675
45834556
46243876
46483954
45857291
45952730
46401370
45237747
45421547
45382338
47430761
45682260
45368957
45322483
45332017
46179010
46050830
47012219
45230310
45172625
46201017
