124380673
120578938
125499103
123593400
123106327
122903564
119990713
125541040
123247719
123851966
121831037
127313265
122114725
122332459
119238118
121304999
123220906
120973762
123887616
120663171
122054405
122917889
124386898
127515378
121803868
124722243
120572398
124791775
123953146
123953936
123747944
126044143
124737669
124393187
124022345
122342526
123452563
124900662
122554658
126118888
121196979
125019023
124127579
124933009
120908274
125105050
125619958
124096168
123924274
127584403
126817274
123859960
123714881
130081552
129232930
127624530
120705223
124067419
123298878
127113336
122353547
123689679
126528930
124210293
123167376
120597227
126154657
122491028
121972492
124271823
128140473
122315641
122325860
121002788
122357816
122941863
122444607
122970788
122572162
122636099
126587970
123454826
123625331
121641127
123541818
123628984
125571595
124940510
126785275
123414477
125395863
124959923
123639572
122564313
122995136
124328092
123598048
125149041
127479477
121618961
