33132672
33218995
33550783
33287400
34247425
32538518
33252555
35387250
33566390
34493573
33272567
31787494
33198371
32802210
34554640
33745725
32712487
32967263
32322585
32704366
34069523
33873578
33984237
33350035
33438392
32963812
33095258
34035608
33930881
33316945
32908306
33914085
33744911
33515067
33600616
33208385
34243986
34438311
34238399
33225538
34267123
33390251
34106044
34614810
34514713
33715065
33667310
34380560
34067053
33446004
33397669
34236166
33819777
33874812
33214560
33931105
33143288
33046974
32831637
34795942
34885279
33555470
33551216
34058490
34334815
34546592
33275706
33273344
33570199
34030487
32524751
32861265
33934590
33898310
32933110
32836279
32519092
34683430
33252880
34768101
32949242
32151562
34850685
33701507
35658082
34082495
33212169
33273796
32643299
33863425
33592716
33249142
33072883
33229043
31918448
33539918
33343684
34003317
33778408
33777790
