211339738
210642831
210548418
209080554
206046920
207895002
212686471
209736575
210078783
211608604
211603385
214115259
205418291
214179693
209108250
210940773
212372808
216455585
205738958
214746390
211485668
214668374
219099103
212500018
211837893
206848645
212358112
213640762
212493370
212382416
213698257
212932173
207411284
207283567
207254671
211829725
209176015
215126679
210553007
212764584
210961881
216157638
210163020
216734478
214487016
209913070
206656072
212835435
210401750
209527079
210280746
210689310
212203439
209589203
211144889
211260708
211593704
210889228
210537674
213752163
209366914
213190882
211179965
210159498
214314540
217623377
214812860
215055303
207125890
211659834
207017907
217823508
215863929
213991155
205846870
209874545
210312504
209439941
217935869
212289801
212351002
210778926
211293738
209541124
213239030
217212110
208638299
210757209
214650087
213898606
210626199
210501161
209245461
209591239
206114933
213269678
209966369
206121146
207268134
215984908
