15532981
14359340
15419096
15564819
14790134
14379366
14952820
14861641
15168917
14519384
15097968
14742889
15500223
15516391
13931884
14979751
14473183
15106621
15059929
15408500
15380669
15945694
15600227
15138230
15642260
15157426
14737460
14946561
15110103
14927678
14827531
14885230
15057530
14892566
14942502
15131745
14901395
15112299
15245617
15181116
14577537
15926175
16321971
14971983
14816769
15273402
14711603
15323461
14732032
15045467
15074600
15516749
15214381
15183929
15565693
15465211
14418842
14672160
14710137
14936948
14700695
15118395
15232272
14584677
14771440
14865348
14438665
15055926
15247596
14527235
15315487
14938365
15180792
15419365
15234570
15101571
15044283
14971295
15216527
15905451
14719121
14982969
14955710
14800248
15272463
14973325
14555357
15224588
14630618
15363908
15058396
14931506
15319827
14959650
13986241
15873615
14862211
15537416
14744626
15153969
