174088673
172141086
170481597
177435812
173677676
170989975
167595922
172045016
171187573
175626366
174843661
168552092
173503276
172945023
167129005
171226416
167064723
169758790
171658048
174352298
168444408
175699213
168405857
172554227
175771130
171356082
171799434
176777854
169238870
174059075
172200287
173869262
172313488
173360892
170210922
172975329
169411219
168799075
174052310
173279208
168900406
169490323
172990328
171461459
172258310
169192600
169770835
172178067
171142495
172156892
170908376
175864990
165938602
173550977
173048726
172721547
169927510
173239165
168118857
172927164
172944200
174280004
170235324
170445697
171263226
170214772
171793507
171112214
165960952
171623249
170237311
214799025
173537762
172337937
170207475
172996479
169337332
176809878
171714096
164539233
170851568
168892407
172215992
169876416
168720351
169690157
173591642
168204164
173852623
167445286
167716426
171462221
175171091
168759897
172373784
176668413
172218063
168467699
170395545
167702603
