100 218720,89 17006,97 294322,00  100 graphics/insertion/insertion-100-100.txt
200 871796,33 62275,15 1113460,00  100 graphics/insertion/insertion-100-200.txt
300 1981667,54 96422,38 2260021,00  100 graphics/insertion/insertion-100-300.txt
400 3626729,07 195274,03 4505421,00  100 graphics/insertion/insertion-100-400.txt
500 5720718,07 195794,99 6314206,00  100 graphics/insertion/insertion-100-500.txt
600 8335875,39 271983,53 9058756,00  100 graphics/insertion/insertion-100-600.txt
700 11438702,08 532620,91 15789652,00  100 graphics/insertion/insertion-100-700.txt
800 15053644,45 397281,40 16321971,00  100 graphics/insertion/insertion-100-800.txt
900 18975478,93 441404,04 19927512,00  100 graphics/insertion/insertion-100-900.txt
1000 23458476,60 544159,38 25287255,00  100 graphics/insertion/insertion-100-1000.txt
1100 28302473,84 557950,66 29636078,00  100 graphics/insertion/insertion-100-1100.txt
1200 33594850,22 704486,05 35658082,00  100 graphics/insertion/insertion-100-1200.txt
1300 39460533,35 742342,70 41725162,00  100 graphics/insertion/insertion-100-1300.txt
1400 45901417,20 1129315,13 53025433,00  100 graphics/insertion/insertion-100-1400.txt
1500 52803454,77 1865825,44 68328390,00  100 graphics/insertion/insertion-100-1500.txt
1600 59824961,38 2084796,59 77540230,00  100 graphics/insertion/insertion-100-1600.txt
1700 67472755,73 1271208,09 70624317,00  100 graphics/insertion/insertion-100-1700.txt
1800 75542205,92 1263953,73 79778097,00  100 graphics/insertion/insertion-100-1800.txt
1900 86175604,26 3957759,04 112873632,00  100 graphics/insertion/insertion-100-1900.txt
2000 93698544,17 2885474,61 118572474,00  100 graphics/insertion/insertion-100-2000.txt
2100 103700525,86 3235802,87 124605699,00  100 graphics/insertion/insertion-100-2100.txt
2200 113929251,20 4201655,88 151556879,00  100 graphics/insertion/insertion-100-2200.txt
2300 123836562,10 2059664,56 130081552,00  100 graphics/insertion/insertion-100-2300.txt
2400 135089871,40 1882082,65 140174546,00  100 graphics/insertion/insertion-100-2400.txt
2500 146701030,18 2324501,72 156946309,00  100 graphics/insertion/insertion-100-2500.txt
2600 160331218,80 4354499,28 181783155,00  100 graphics/insertion/insertion-100-2600.txt
2700 171873348,20 5032685,22 214799025,00  100 graphics/insertion/insertion-100-2700.txt
2800 183801951,78 3113086,16 191757804,00  100 graphics/insertion/insertion-100-2800.txt
2900 196509606,11 2599770,11 202601519,00  100 graphics/insertion/insertion-100-2900.txt
3000 211454005,65 3014831,65 219099103,00  100 graphics/insertion/insertion-100-3000.txt
