68460675
69254954
67036429
65978825
67858169
67809759
67087078
66888924
65763135
66372434
70624317
66371789
67045141
68001611
67758083
67918947
67646289
66779319
67437024
68782837
66328596
69532200
68108152
68707846
65131599
68039352
67087970
68511619
66359262
66784934
67145325
64886392
67495971
66408587
67603402
67224659
65906640
68804156
67519483
68243732
66417820
67557756
68524968
66863453
65334464
66777141
68975372
68790391
69052350
69082704
70287636
68410139
69987170
67006694
67146614
68037746
66713878
65288553
67724491
69244094
67090896
65017350
68326629
65538698
69368622
67855854
68191955
66921652
69050478
67655057
67449777
69155861
65996383
67680752
68709285
66922530
66410077
68575199
66431013
67320075
64691850
69614531
68295198
67389299
68948431
67418203
67736081
65934038
68964382
66479330
65359177
65866751
66130483
66997945
68546606
67755624
66079643
66777741
65888371
68804696
