39484697
39602784
38663162
40939211
39980553
39296093
39769076
40120846
39238317
39852381
41071431
39151501
39513396
39217350
39864385
39565379
40100842
39888497
39350244
39706820
39553448
40406144
38004881
37377541
40266135
38854969
39287898
38258052
39442626
39538351
39355448
37705757
38371190
39317820
40433657
40072048
39920159
39721260
40282629
40652354
39946732
38605776
38606561
40060274
38260654
39168494
38779572
39401293
38841677
38534425
38079374
38805619
39036278
39286529
39498190
39964618
39990068
38662006
39375561
38208370
39660425
39758229
38842757
39939507
38496233
40212236
38743295
40201753
39711734
39804307
39674110
39545262
39384586
40014737
38951384
40602936
39102688
38495460
40315975
39910665
39618790
38983535
40349327
39269272
39381799
39930100
40158668
39226588
38422322
41725162
38507824
39172298
39206996
39650348
40435531
38677074
40017299
39786357
40272541
39581822
