4005065
3704510
3615718
3618349
3706155
3528224
3312285
3531523
3461155
4318553
3587319
3470902
3557364
3536032
3607886
3609070
4349330
3590666
3445927
3776232
3534984
3369803
3620068
3850342
3673968
3683172
3993672
3500439
3577774
3593688
3496210
3554690
3629950
3635654
3455543
3567578
3515262
3508480
3605831
3688398
3835798
3522151
3631137
3180954
3287395
3594256
3446539
3626852
3588981
3448959
3588391
3560166
3459920
3634888
3681816
3679778
3641265
3832203
3621560
4505421
3409221
3494514
3516438
3518618
3714730
3712689
3627429
3531896
3866408
3372132
3621471
3527495
3601002
3398801
3649952
3783726
3528748
3779361
3837219
3735210
3942974
3676805
3687245
3721346
3504735
3796506
3635126
3288748
3650645
3571522
3674706
3677366
3603314
3675321
3487851
3642010
3585115
3537540
3784470
3546301
