114703873
112341613
113843728
114834053
110916467
116120180
113053089
115212870
111969400
115316897
113930222
113705038
109745187
112839498
111864785
112841327
110846936
114592440
111222461
113439582
114452119
114419539
112951008
112622753
113250786
111558909
112459358
111061519
113336722
112114738
113091861
115500045
111594414
111360312
111715191
113561234
111052375
112869839
112998886
151556879
113800221
110788520
116309306
114526532
114699986
116402299
116104819
110556787
115442714
109078080
113166056
116152038
115504704
117158847
111488583
112280512
112102572
113794626
114061678
113578152
114163443
111363365
113795868
115162983
111632601
114657817
115551836
118601459
114043049
113683214
113177062
117993030
113356790
110862503
115033858
114201650
110561311
111889530
116093369
116980323
115445676
113423820
115127533
114778217
112439453
114117681
114611701
113884515
113350851
113836796
115024907
113200581
113863304
113722468
112827286
112629784
116454302
115231171
110546842
111738006
