59220273
59325253
58509011
60823466
60131225
58946226
60745546
59020906
60878640
60108627
57291083
61768534
60698051
57450980
57230880
58719411
59469164
57937264
59793437
60137348
60403724
60385719
60070329
59716890
59634624
60539714
58835203
60418725
59650862
58160236
59911633
58727841
60628440
59762306
61246884
59487178
59236779
58319755
59658426
59621230
60610070
62212536
59490794
59069351
59473727
60666929
59119631
57121984
60966569
59299624
60634545
58913771
58928988
59365009
58885627
58721722
58529811
58216575
59322483
63444605
59570756
59479378
61285549
59493132
58558920
59817434
59914714
59694802
58994859
59056257
62428535
77540230
59845653
59894708
59004957
60411200
60874166
60175086
57637977
60009459
59754158
59193514
58835663
58949680
58313038
60786227
59583045
61391095
59425738
60335905
59889243
60355909
59327470
60864684
59043462
60683882
59641148
58129778
59708309
58980244
