5883328
5605640
5859493
5887188
5504697
5726337
5661351
5756056
5484233
5874300
5710281
5523587
5507324
5623211
5451726
5922430
5764811
5698855
5563347
6267797
5687646
5431324
5748496
5646605
5417287
5473968
5957624
5547148
5930569
5831287
5494297
5939804
5642950
5485389
5609814
5610355
5948518
5668839
6029875
5706840
5764022
5547580
5967075
5615718
5875056
6049572
5697572
5633834
5878223
5617999
5376736
5312405
5439978
5626934
5736133
6012966
5617393
5942515
5344820
5683403
5913845
5828921
5699592
5969815
5654305
5986125
5818199
5800691
6314206
5627133
5696560
5747919
5740334
5668131
5554069
5897888
5720000
5477622
5939575
5730207
5606409
5481365
5694108
5596582
5433817
5534345
5721314
5911468
5852002
6005991
5955218
5798160
5514770
5503143
5730304
5743649
5767426
5968012
6059445
5584581
