27969906
27428183
27993783
28517780
28002724
27910528
27985387
27247683
28214074
28497450
27268284
27652234
27844687
28217354
27840756
28721897
28937676
27468791
28767339
28208046
27867349
27963148
28979065
28074078
28524292
29084068
28335454
27540506
28452515
28825248
29413256
27428298
28308261
28242568
27815575
28605963
27992881
29557096
27700054
28626193
28703589
28271518
29636078
28159367
28170784
28315273
27699573
28421072
29228937
29070551
28076487
28871166
26817560
27654216
28830063
27887831
27469254
28100613
28195306
28450393
28468729
28326377
28771616
28441154
28498952
28386026
28735665
28108699
28154887
28458703
29205220
28796895
28829606
26990604
28592517
27634084
29142528
27486986
28773627
28579850
28031683
28217528
28150079
28567795
28918696
27605656
28484369
28714501
27471012
28337668
28954438
28234464
29250809
28182837
28349783
27718850
28124186
28757757
28803031
28929456
