18915468
18687916
18129586
18644195
19215170
18725303
18608450
18940128
18233753
19115087
19153010
19469878
19513632
19059333
19566396
17940218
19007598
18875498
18804954
19643486
18821056
18222553
19019270
18982912
19441374
18576212
18828619
18437611
19460517
18649829
18935238
18989070
19287419
18949070
18147225
19360586
19203537
18943458
18603911
18934526
18910192
19338297
19498118
18635377
18047861
18592269
19258359
19637230
18405081
19125574
18914688
18961660
19096309
18334153
18544959
19418629
19166623
19302878
19439920
18485748
18998454
19349907
18897097
18976830
19585998
18518716
19370053
19385359
18780855
19872752
19436085
19369517
19771194
18863988
18381880
19165587
18139273
19774077
18322872
18589629
19325287
19181246
18936514
19057528
19727429
18700326
18404853
18937790
18472842
18889117
19260229
18863559
19118271
19091042
19027153
19927512
18821190
18319230
19754577
19025098
