52883454
51709950
54201344
53076010
53319495
52264792
52192124
51810151
52820316
52511992
52269402
51234715
52073593
53270675
52567047
51214057
52936438
51247946
52024649
54128320
51905810
53289918
54961735
52573007
52800762
51827605
51560354
52821272
53450660
53399302
51789183
53704107
51202632
53019620
51879119
51354219
52404660
51286374
53794954
53858721
51523377
53415848
52299805
51701091
52494700
52266884
54006022
53352489
53154670
52214792
51182257
52689282
53579201
53635394
52019141
52409618
52628432
53460447
53116322
52462382
52105498
52366947
52601295
57556299
52526091
52385162
52314153
53992519
50110488
54003252
53829474
51756760
51293556
52373283
52745962
51789373
51701998
53876157
52955005
52414831
53079794
53371781
51683811
51827989
52600599
54473305
54846408
52991055
52180694
53314182
52452353
53331479
52631030
51605114
68328390
53313826
51606660
51794472
52322257
51639537
