216785
211022
218406
234158
227107
207820
227471
219966
225520
222606
191587
213649
209903
212728
226352
195010
205506
223187
236648
220959
219283
211908
199911
235947
207878
215687
215480
227529
250241
218854
206809
218527
223782
195956
226247
212627
231700
223167
177946
206139
204568
211039
194574
205834
230744
205211
202585
197693
217395
242841
294322
242452
204230
240917
229018
248646
225440
221438
236152
226435
209599
206348
203580
238397
248719
215611
222082
193208
253600
224559
235342
213745
191935
217769
201617
219203
207450
210828
196124
232366
200224
193419
218144
246243
215311
238103
210538
213134
237330
223993
207061
207235
215530
196831
235987
224785
220797
220858
204297
246645
