143653057
145715309
146290428
150088273
144671109
148909244
145949530
148115394
146833550
148232914
140678611
145732612
144941138
145831549
146767210
145078867
148255821
145013946
144586858
146842074
142769293
146597331
144068263
144874366
147570978
145737919
145910305
149513154
147217672
144824299
148342508
143520570
147915174
145275735
149518545
150093442
146961515
146771713
148007625
146202436
147673826
148754128
147716600
146829618
145358002
147368646
146194993
144163176
143998788
147062129
145747455
148464874
150451997
148657116
150741653
146821894
144039148
151103664
145183478
146963974
144854954
146886360
145552909
147766646
142394921
145034803
146557161
146740630
147031518
145246854
148460680
147113085
147132904
148024718
144954612
146971544
147123395
144755538
144243901
148336581
148186339
144032233
146677733
145827802
145866672
144290565
144466226
145897744
148925331
146195703
145137751
144850988
145784776
147222736
151460856
156946309
146905855
147798679
146211592
155057918
