197136421
196204243
196617479
192123855
194387353
195841273
193259630
197292199
195689765
193641635
200358724
195816563
193649947
202601519
194505303
197119094
194735399
196321488
193937484
197537277
193054269
199244234
193824384
197993830
192519747
199896869
193843163
196110338
200776027
193728624
194911444
195882323
199227947
197752774
193604879
193975749
194192398
197796693
193534685
200752646
199868197
197073314
198169600
197891509
195640009
196753247
197645346
193317813
200906558
198020604
195431907
193772583
197215264
195879180
202135504
196637760
196229492
192430586
196694097
197269857
193825009
197109685
195293264
198664598
199570258
194175917
196553555
200535912
198982632
197482259
201412543
196082369
194360624
197556609
190415759
199753553
196600809
196344412
198158561
199055914
200119585
195999150
199286975
197235820
196029825
196577718
194418546
199865142
193861919
194823904
197023905
193214677
198964109
191689882
191777415
200823452
198085561
192118301
197797507
198930875
