104952523
102818929
106317989
105040727
101545688
105344605
105795706
101890828
104001030
103758768
104261899
102950172
100246251
100594927
103205552
105066200
105286780
103409874
104606688
100279711
104149876
102879563
98051660
105651263
106119673
105199861
104705589
106883533
108183730
100604169
103774876
101359267
104453160
102317671
103855931
101580459
102153539
102118801
103645742
100988167
104765970
105680545
103658075
102391302
103739722
105076108
100982281
105534628
104300519
100806581
103113368
101224428
104731416
105889794
101534533
102529623
107557170
102451536
101522046
101974290
103114866
102420442
103841728
101968371
102689722
100027468
103052206
101960315
104030116
102162241
103606822
101507420
124605699
104854332
101818717
104830609
102064745
105426644
103201731
101834656
104468663
102385894
103835606
102811539
102733863
102056932
102497287
102463135
103238529
104614715
104097687
103444782
105499264
102736499
102420546
102006667
104955693
102336792
102129240
120785091
