11541632
11376740
11693263
11693214
11496759
10954601
11531535
11822457
11275553
12185849
11535443
10981153
11580282
15789652
11275727
11397704
11273505
11247005
10815969
11257255
11054090
11714462
11031471
11650613
11232092
11100249
11650568
11944767
11294397
11550823
11571487
11751568
11480686
10829834
11566823
11420448
11423864
11816552
11113505
11154771
11200418
11584446
10910156
11217678
11182107
11650457
11558220
11380362
11728128
11066903
11463246
11514911
11270723
10812012
11369233
11561925
11463486
11353693
11123268
11357601
11316066
11159907
11820870
11580163
10862322
11182858
11156725
11090538
11475373
11025883
11259439
11557261
11941154
11391442
11867865
11686852
11833363
11248435
11528012
11231301
11238914
11752949
11821977
11368171
11209760
11969921
11137225
11234305
11333302
10748381
11394763
10742337
10964981
11312978
11385761
11607516
11888891
11151587
11492447
12050872
