182406274
184700237
180485591
179479795
190308877
184452105
181680278
184198695
187561586
181498755
184189700
181308736
183636871
186414708
179460482
189636887
187475550
184098677
183494821
183778647
177774379
189592967
182881412
182936641
183072075
186006076
183388414
182343902
184228220
182348915
184764274
178589661
188801481
183499786
184259491
185561488
184912892
189337796
180951304
185423791
185807688
185188144
182257632
188514942
180734825
188294336
182712036
185907874
181574922
185857825
179428918
187996835
184137683
180513721
185951428
184561951
183587548
191757804
179917078
184275094
180733593
184935509
183352720
182370921
184769575
185617078
185306881
184432503
188916042
182470297
185287849
176470246
181567277
182177107
189987873
182313941
185909221
178045223
187916062
182276443
185909635
184567923
183936341
181957878
178359603
183160828
185627326
181989396
186987300
177540697
186056570
180113875
180900407
187799084
180414555
181080400
178481137
184535109
184976635
181023597
