136740651
132245281
134636940
134060856
136263189
134040888
136295075
136645799
132475540
136054638
135681230
138991448
138359273
137371969
131743681
134851325
135976939
135002465
134960847
135327956
132447817
135575016
134105715
134208088
136831802
136920542
139864322
135840055
134402927
135784179
133752984
135537006
135671157
130757898
136479446
136190741
136195310
131684344
133117525
135411258
131768738
132429869
134459919
135228084
134220839
133805006
137139073
133694813
135712912
134467703
133052605
137380535
135647591
133422995
138185706
135248010
135058886
135358267
138980638
132633855
133832749
137132500
136697518
133325223
136477423
134428404
134100129
135616370
134794128
132105580
140174546
135101584
131591898
136771515
135382040
135165752
137168949
132384969
137674497
137028747
133059785
135875188
135224592
135133534
136474979
136838659
134777806
133892727
134654101
131505166
134782770
132697188
136817249
137534016
135529772
134537968
134623823
134177737
134508437
132986956
