8447192
8207951
8993453
8107470
8217543
8333595
8432510
8069190
8011168
8376655
8291295
8799793
8454658
8064711
8516685
8129478
8385118
7883249
8373676
8148594
8417164
8202021
7768471
7970114
8181951
8473721
8541336
7956596
8217838
8491385
8062582
8513548
8053315
8304715
8354598
8343720
8124325
8734656
8265642
8325746
8666206
8558363
8443193
8285859
8188936
8147563
8296323
8358776
8851535
8578463
8052446
8449640
8307321
8253107
8312613
8411467
8438662
8280268
9029279
8466659
8950997
8414232
8004001
8429896
8211195
7997388
8413431
8321778
9058756
8637579
8541244
8560560
8223201
7896216
8753231
8688398
8422404
8012017
8467510
8341444
8053526
8404207
8376608
8675503
8478930
8104296
7898919
8332131
8232154
8135181
8761018
8649791
8354975
8522674
8236876
7571138
7932367
8039816
8473974
8083870
