889703
928937
840557
858551
795638
847413
847872
806622
856840
869977
807694
835615
906209
954988
744767
974953
913626
779625
842532
880140
810963
871894
892147
898088
877729
834717
819448
884891
906702
944244
774622
835961
773354
912917
1113460
892258
855342
826209
893368
951219
930074
840943
910640
779459
805546
825445
892052
864493
820728
877810
855638
824894
834454
882100
835561
913084
850976
864600
767458
800289
744046
974710
911921
826840
851368
882217
807876
925818
825615
896247
898109
835487
764390
1042440
870957
891813
807333
850302
871101
1005352
977369
908321
948839
849898
880042
875264
818132
886493
941214
952455
838074
968023
918141
842276
930760
883142
938126
913585
887986
809515
