83786011
85252330
85639786
86104341
83424296
87011401
83740445
83782310
83815020
84822232
83997727
83486709
87048857
84566686
83985543
85522134
86053837
85123892
85518794
93855548
87475827
85758761
87858588
86254673
84270015
86850710
87138388
85759134
83996656
87327292
102607628
112873632
87970642
85397179
84617559
84143065
85818099
84355963
85375899
82852488
94712452
81689828
82220248
83205103
85101745
86001804
83924298
84332745
85343053
85089076
85695139
83904562
86421117
83941432
85313246
82032576
89357245
83365512
86254073
86850585
90420256
87030256
90603374
88221225
84815393
85088233
88390468
85847953
86377970
87707168
89917461
85209015
84526379
85072441
85639983
97055990
88370382
86877685
87860183
85290744
83410038
84414285
84476286
83503266
85530633
85284166
86207494
85888169
84993935
83504498
84892370
84485156
85605424
85200317
85745859
86312533
85662020
83354007
83958085
84813390
