24080844
23202392
23949683
23385674
23274137
25287255
23601065
23316022
23312016
23218417
23660393
23332631
24501567
22994460
23120699
23585134
23118139
23108884
23999778
22895445
23194121
21861628
24259760
23626970
24429069
23311389
24095638
23635072
22993187
23419789
24531333
23247355
23000962
22900759
23657880
23383579
23303716
24178268
24154754
23820376
22480440
22113470
23808931
23118576
24113235
23415257
22778188
23361318
23812870
24440429
22270683
23203790
23622179
22789779
22576786
22818826
22810600
22906086
23257973
23515172
23890062
24040485
23643748
23287402
23878784
22976799
22884487
23989262
23417527
23548136
23367677
23181559
23623275
23348586
23670669
23503310
23650997
23842419
23680100
24230597
24355063
22812869
23169417
23156296
23204293
23227267
23133562
23318276
24250316
23519674
23378164
23007812
23733925
23423749
23993965
23849546
22654242
23676677
23637552
23524286
