2081225
2083766
2061030
1965321
1998743
2063095
2023636
1893139
1939723
2069266
2075880
2029220
2027343
2010485
2052823
1716278
1951230
1854762
2116420
1887511
1854227
2116500
2008763
1875857
1912960
1964222
1951563
2104685
1945552
1861494
2046036
1909478
2260021
2035152
1998714
1952368
2033818
2130427
1972408
1864636
2071426
2092829
1873855
1730686
1777630
2043231
1985326
1928018
2116244
1892757
1927016
1907853
1897541
1855000
2026227
2021271
1838828
2111225
2056463
2071688
1870725
1935622
1943795
1997595
1989286
2069659
2076965
2004954
1999397
1944587
1977034
1970479
2053287
1917862
1999920
1938468
2090444
1774095
1995745
1939419
1936288
2051561
2027343
2208038
1877398
1938168
1881776
2096496
1967952
1896488
2128343
1959834
2011961
2045148
1829602
2062867
1938181
2009659
1995562
1889860
