93177070
93285396
93479841
93449409
91224984
93589254
93582503
92449562
91903850
92210940
94203471
90655335
118572474
95893928
94043759
90945683
95835277
95710768
93757918
93163508
92524225
93211629
93939301
93107663
95593624
95768009
96151441
96276950
94540638
95348753
92684019
93119261
93102479
92052939
92612814
93395693
93114230
94974368
93516820
94190631
92058982
91870140
95429864
91444982
91681332
92215671
92095659
93017959
93210084
93697629
94971245
90411364
93071063
91986198
93820535
92231865
92762014
94461646
92503141
93720109
92279638
94636036
94309524
92646702
96560730
92216693
94805145
92940187
94522546
94080393
94589340
93262801
93921575
93449342
92906129
94131405
92231480
93873183
94493490
96049954
91434902
97204217
94634282
91768330
92320801
91735269
95013818
93934746
92344039
92944562
94310213
91741526
94179431
95515289
94701243
94141321
93140453
89823025
91193778
92844980
