167714847
181783155
160902190
164422879
159276995
157389139
160528321
158235462
154845767
159332992
158950325
165571602
163815760
154968840
158571596
157722889
155382139
164670598
163328244
156733139
160449175
164696959
159476903
154204630
160116609
153905448
157785045
157511114
159387830
161975382
179818966
161834194
161008795
158226439
159342333
161554817
158429623
159173501
158886453
159268303
158778814
170974412
156620924
166106518
157853267
160793437
154583720
161614354
159263883
163008701
158605492
162434366
161230975
156268722
161638747
154845302
158294811
164078337
163395640
155782559
160424088
161478937
157204158
156431912
162662808
163035788
159499395
157448742
155696846
159064364
161755807
157886227
159451113
157244201
162134257
159710924
160986275
160263331
160900340
159268029
161657440
161756530
158222664
164439720
163780265
157180693
162060796
158810639
163852997
167458753
157725188
158847557
154909616
165560925
154720069
159511143
154809785
159786522
158806293
159304364
