74166473
73215362
74814748
77444973
74882114
73780436
74690671
74790347
72765943
76430852
74360285
73978857
75511246
76095465
72622990
74966741
76024601
74757273
78013139
76826708
76584491
73275315
75102964
74013923
76465019
74974679
76627814
75274406
76030381
75976718
73951933
75092536
75707754
77050104
77349878
75340128
75494555
75750975
74326188
75259345
75091884
75968924
76432596
77005338
76117384
74434581
75427661
75280686
75985472
77382486
74854103
74574977
77517651
76383212
76405990
76093253
74495580
75527921
74912731
76256518
79778097
74994119
75246339
75082664
75891759
74519588
76747457
75717473
76249810
75461082
76415683
75516803
74787874
74223828
76499802
76860541
74444744
75523531
76042514
76861089
76944752
77890294
73184713
77385547
74744052
73958368
76561505
75767294
75207524
76806388
72537234
77113241
74771703
74759073
76689351
74695995
77253978
75825838
73685244
75636423
