457773
486905
450807
437360
443743
403431
420379
438723
434671
427938
467420
461386
460737
443808
423329
418736
417392
403433
404591
442524
433744
433442
427426
449961
439096
429761
429348
457295
450222
428035
433869
439540
427876
428523
425280
416997
433411
436200
435842
458741
455073
406524
448697
443913
410918
454856
431013
438723
443531
433388
695882
444352
458391
409302
432539
417842
451126
422387
440332
434679
454278
449142
408808
444334
452569
415873
469731
433215
414817
445739
455451
416003
434829
457296
431135
470981
425380
433353
441624
434007
420805
453813
435015
423084
435489
464986
409983
466734
420516
408778
445588
463822
421184
471182
437202
385657
405133
412701
434795
407038
