1768565
1709984
1614615
1661720
1586322
1723987
1678348
1656124
1671637
1524682
1557575
1720159
1534844
1619798
1643824
1547984
1571420
1565288
1702289
1573016
1647209
1633716
1786860
1555521
1625684
1531649
1659730
1498125
1603189
1558363
1597190
1558864
1690284
1670112
1512216
1546605
1542262
1606371
1634853
1569383
1628148
1472177
1643773
1616838
1825147
1568538
1653807
1708509
1460600
1633518
1642974
1578993
1564603
1609348
1698609
1546634
1737167
1483439
1690328
1608363
1530736
1593953
1978225
1577713
1634155
1750168
1632645
1546416
1644510
1732891
1648270
1585738
1474967
1594607
1644866
1699169
1499654
1790238
1649766
1566779
1653482
1654613
1576822
1679312
1554344
1695119
1990989
1662100
1696910
1684164
1651832
1657391
1984753
1585945
1718365
1578122
1713592
1827854
1537251
1644256
