2248109
2361884
2501125
2451009
2370594
2358542
2421755
2354011
2418657
2432188
2436874
2585200
2382749
2516985
2213570
2281081
2438051
2283195
2265075
2583811
2465742
2362271
2362697
2279432
2373028
2452109
2359251
2479000
2489535
2413698
2469951
2453517
2411624
2364054
2449178
2490096
2361769
2406484
2337537
2236325
2435824
2639643
2334135
2278345
2347015
2547488
2433546
2267316
2277370
2312621
2335587
2425758
2261728
2299846
2237351
2536758
2465076
2303266
2268860
2264651
2418703
2364102
2561475
2363481
2256189
2256009
2465939
2356638
2540678
2529010
2531644
2464428
2348581
2496150
2507866
2351421
2371144
2326218
2286902
2589099
2447654
2445168
2520265
2237913
2404979
2280674
2287512
2232999
2534356
2334033
2369633
2582410
2316746
2510028
2424496
2379874
2333218
2381079
2505602
2323168
