2257725
2286873
2249305
2312530
2167309
2301543
2237132
2394800
2361838
2350121
2324336
2263448
2455733
2432925
2328116
2584034
2396588
2233579
2219482
2531286
2430902
2308612
2399692
2268974
2113875
2147561
2240227
2189719
2328342
2341162
2387238
2151068
2326233
2419176
2210265
2591693
2657921
2268475
2280392
2259260
2222174
2302778
2377265
2338190
2179771
2525094
2237033
2466541
2065332
2357241
2338494
2449395
2135519
2444743
2223997
2319328
2212324
2350591
2402909
2231814
2261340
2454395
2388323
2251833
2269348
2202861
2298342
2235597
2424801
2292246
2276398
2175059
2351242
2220875
2182271
2658044
2171111
2230843
2545249
2246671
2449527
2478262
2316046
2392676
2203769
2283108
2232344
2452286
2191162
2470429
2226957
2301034
2400588
2288098
2556876
2310253
2297323
2198640
2238613
2177016
