1961400
2093661
2213619
2074661
2193099
2077788
2505272
2033515
2130043
2311430
2007850
1989005
2012153
2067041
2171988
2221556
2004740
2008978
2045140
2226142
1953548
2118648
2051611
2012740
2162202
1978831
1982351
2149024
2319338
2181136
2022736
2232061
1998741
2012012
2148231
2073505
2050893
2106665
2023538
2141377
2132204
2304223
2046626
2081859
2071700
2069251
2057994
2037381
1945261
2274204
1942679
1959350
2159765
2032802
2046858
2101742
2253535
1917720
2053846
2108466
1979758
2016107
1994851
2120837
2022519
2021275
1955153
2750774
2170069
2088322
2004291
1978874
2144207
2060207
2018091
2139441
2045202
2125631
2147690
2425640
2140560
2127395
2025679
2193864
2170691
2010457
2142033
2499636
2012884
2076300
2126919
1982779
2173355
2505212
2132654
1998263
1998974
2249346
2011652
1898094
