1885876
1847320
1917825
2096911
1825699
1978712
1865099
1808015
1871468
1970045
1733177
1816296
1820934
1888937
1712804
1934930
1935365
1822070
2040659
1978166
1768453
1839032
1740820
1882831
1870660
1736039
1722304
1839146
1752086
1815329
2000295
1725001
1696969
1751459
1748980
1924262
1905181
1736669
1770929
2066234
1806445
1783065
1890797
1884622
1730838
1901332
1657224
1711776
1745095
1855432
1775439
1635405
1672837
1804276
1879240
2014125
1673727
1780464
1839571
1706507
1893717
1792558
1716458
1630376
1753648
1728347
1680723
1730664
1735419
1736713
1756547
1758413
1711310
1750979
1883719
1778653
1739939
1741081
1965087
1762941
1931349
1883117
1841811
1815943
1758380
1660948
1744678
1787047
1763916
1715270
1751981
1793781
1953574
1796621
1697516
1825622
1935439
1771918
1876185
1692963
