502389
613441
557074
564278
507944
496988
497109
514885
551744
538150
476002
483697
500261
540628
480902
585445
526200
656251
503462
501816
573816
518501
494780
536778
558950
509169
522811
520178
533470
522815
561602
573885
525968
493133
549186
523366
539010
497196
517772
598304
525385
516666
489615
537598
518174
486812
475579
533882
488583
555315
532871
508724
595200
486123
533933
582460
485520
507172
513000
534237
513898
523019
490889
491062
504675
510237
574718
498688
496088
521247
513910
488077
493350
580360
522683
543950
507652
476438
518418
530412
476037
534308
517752
501109
515113
505350
563624
490930
476466
524776
551195
522549
548058
520650
514352
518962
501469
497273
504244
524236
