2915151
2760726
2637270
2560201
2676168
2916030
2630978
2396115
2455496
2642049
2681372
2577586
2474252
2518339
2483693
2574689
2630110
2521974
2561431
2788131
2614756
2569836
2749827
2666379
2712447
2658600
2492154
2500158
2532924
2672293
2451000
2587914
2821566
2572270
2490494
2426244
2866264
2904390
2554363
2506904
2642559
2670058
2730696
2813121
2906512
2741929
2671142
2502841
2547934
2932491
2723767
2778388
2738835
2416265
2780592
2458760
2581741
2526128
2650690
2431406
2898045
2580388
2554899
2652923
2496094
2542668
2533115
2857595
2627396
2474226
2556043
2468281
2700575
2516696
2762421
2646023
2424477
2625301
2514656
2563010
2602078
2612676
2469989
2611400
2669811
2738378
2496189
2640314
2554605
2463518
2467064
2614636
2680336
2594155
2398841
2539240
2595304
2686089
2472476
2522506
