723114
694953
665546
668811
676771
721362
723269
779609
710511
709242
680399
677883
663532
651308
675359
736828
656745
700066
708538
673001
774499
710316
766601
668985
697552
682324
677360
685583
730525
669304
632425
679029
688414
642003
727822
733391
700208
682644
721428
953720
793978
652356
705470
689275
732844
644411
674105
680313
664316
682933
704002
669437
695871
665525
686420
669268
661251
733298
709027
676107
734462
729987
720367
653605
703520
655068
641933
693994
699425
678904
663614
680835
659551
744441
731700
664419
693891
641507
711435
738859
663706
691153
702772
651334
667369
662818
730296
667191
762475
757676
740000
720856
699144
736987
686245
718424
720533
1384198
756561
657431
