1500242
1473548
1424158
1357428
1440875
1420341
1430375
1376622
1351203
1425508
1372032
1366159
1447356
1376379
1336979
1462221
1326845
1370532
1376973
1535610
1445542
1414991
1486736
1430455
1418261
1413958
1335201
1468634
1367118
1486060
1468522
1357369
1398260
1500848
1323122
1334130
1438964
1446878
1367755
1446129
1351223
1323237
1369672
1335835
1336332
1372931
1395171
1396634
1424226
1409688
1426368
1387967
1493445
1349625
1341444
1399550
1377916
1440471
1426724
1405082
1520669
1385553
1406968
1514228
1373243
1382288
1404737
1385958
1395499
1390032
1311651
1338174
1508004
1458908
1345580
1332019
1403594
1375439
1326513
1488318
1394109
1319704
1455619
1437410
1401399
1490646
1365697
1403325
1458873
1337108
1465422
1756504
1410633
1552459
1440370
1501774
1538962
1325693
1455976
1407487
