270192
268102
251419
282174
268009
257821
252706
287262
270639
275066
293489
296579
253456
259177
280894
271636
332690
288274
256171
269836
278155
273232
284138
272850
291029
263904
268110
261829
276169
276300
273347
256464
248245
263785
263235
272113
255898
271376
253949
280755
274014
281393
273048
278707
255533
254357
306211
415693
262250
288615
267535
256830
290767
296488
266079
285828
277606
282885
259474
288313
269179
290970
292278
284375
309222
262249
275034
300704
266096
283137
279329
326991
259406
283400
279932
293453
259971
268819
248312
264718
254183
277091
277277
277344
275123
261435
255870
272589
268165
272235
268343
254835
264263
269458
252045
268204
265693
274862
289636
268394
