1610650
1721147
1600904
1642060
1673123
1670774
1797282
1695244
1650610
1705481
1744595
1589949
1742093
1696008
1696988
1643620
1777566
1782816
1863291
1699991
1682853
1651876
1747032
1739146
1718442
1711844
1803012
1652376
1834332
1868370
1799674
1594138
1783440
1669490
1754128
1696918
1714295
1728706
1936554
1722356
1627087
1695322
1782892
1601311
1639578
1629328
1709849
1619895
1729177
1911629
1777322
1754284
1731833
1699316
1622625
1707326
1844910
1842630
1745309
1820399
1785019
1642743
1731709
1653540
1844461
1681182
1757279
1753274
1693186
1663814
1849871
1663324
2074497
1585954
1811202
1730149
1738787
1769122
1642355
1685700
1657558
1779834
1691399
1705691
1633270
1728239
1634958
1713497
1602072
1697773
1794507
1680154
1761345
1750610
1607725
1713915
1737710
1629343
1649378
1645403
