364951
352492
385551
321895
320613
330512
311546
336135
394860
329736
351853
320574
372066
334500
347403
321562
336179
388276
362721
331565
396672
345729
349437
328968
314790
330016
379860
481271
351440
368673
350290
389009
378690
335843
324608
331564
339117
372921
346811
340004
388408
337737
349598
334213
350078
326145
346235
353270
358309
343487
347850
336071
347700
369004
346852
366552
379816
376402
395018
350437
354530
565436
342682
358379
340052
488334
374836
346488
359988
556611
577551
349398
359621
389732
377064
769262
361488
350223
339019
365846
335123
343541
353848
367838
354080
347501
468145
344901
351994
348927
384912
378873
332325
345273
338237
327489
341528
359691
341657
361814
