1288103
1347269
1416137
1318743
1306536
1278628
1285456
1319242
1257045
1369029
1228865
1221308
1288433
1267448
1373525
1345921
1341381
1468073
1401854
1447058
1280799
1294871
1420885
1348499
1280542
1324147
1257158
1382273
1515212
1284203
1295078
1288786
1467236
1338574
1405614
1326393
1333029
1255171
1336304
1382232
1284322
1383885
1293897
1333708
1396871
1268587
1300733
1378970
1402141
1565800
1252482
1349372
1199737
1364540
1329189
1342608
1296631
1279800
1270302
1267342
1304649
1259573
1438690
1660886
1342188
1415691
1277554
1306953
1260869
1392468
1270809
1390934
1236842
1277411
1280826
1256915
1349685
1238350
1408980
1553178
1342568
1393092
1355705
1307167
1268241
1329390
1351358
1276436
1384844
1357026
1356330
1340940
1365293
1318979
1349878
1334051
1352030
1405818
1411337
1324488
