1084771
1076363
994800
1128098
1005067
1072539
1192394
1030157
1099455
997996
1066410
1032375
1095240
1065190
1157033
1101942
1007476
1001988
1143625
971580
1073127
1164905
1070728
1027150
1076552
996218
1268345
1061847
1075520
1034460
1084465
1044120
1044163
1045127
1022691
1061138
1013707
1264698
1124200
1154020
1030845
1021949
1229774
1198784
1093073
1053325
1045464
1058884
960445
1076231
1057812
1091933
1070538
1076327
1171352
1032199
958764
1118082
1024150
1449958
1054266
1325819
999711
1010847
985616
1059373
1081746
1053727
1009508
1020029
1018260
1124374
1077376
1004081
986494
1101844
1014393
1105869
986755
962624
998776
1049129
970974
949032
1027905
1181138
1015799
1016019
1122786
1046465
1002725
1027603
1004652
994593
1010552
988121
994224
1131767
1068751
1065654
