1282499
1199523
1172291
1218704
1226515
1282422
1202249
1248235
1300964
1318951
1189026
1305993
1193157
1214124
1229358
1250470
1302398
1317482
1293550
1286897
1193817
1160769
1194049
1260759
1180149
1193600
1374307
1181174
1273479
1160291
1150103
1169822
1183876
1245313
1210845
1212364
1140074
1209266
1205521
1199565
1225261
1346424
1229461
1260025
1223407
1268352
1206940
1280513
1247267
1174027
1184021
1334146
1306679
1295055
1203950
1196246
1187039
1298130
1365831
1135962
1200217
1157668
1138634
1257829
1195288
1215701
1226593
1311146
1263689
1251068
1209420
1272498
1187951
1228797
1310651
1322484
1306144
1315476
1291340
1201681
1297958
1233054
1192682
1226063
1196260
1426751
1295614
1284426
1372249
1257221
1241042
1220825
1311717
1180943
1237107
1245418
1185180
1328546
1263717
1190727
