2072892
1912664
1989548
2301243
1992412
1985203
2123985
2104655
2054938
2050042
2149278
2038271
2037304
1995357
2173532
1980907
2049221
1970382
1989105
2015729
1953849
2022275
1970912
2228900
1931911
1935692
2024735
2123028
1988615
2025880
2068818
2086763
2092135
1933773
1862169
2063185
1946631
2051538
2181034
2003282
2028892
1956367
2033076
1974527
1978484
1917859
2221484
1972682
1960519
2021059
2098987
2366264
2014964
2104641
1915227
2098017
1995185
2033889
2044633
2108282
1962079
2067283
1955220
1872918
1995105
2106671
1869792
1986349
2035525
2019255
1911292
2048456
1998654
2015920
2063660
1944198
1882076
1984157
2074623
2137766
1983018
2040336
2015653
1990057
2008759
2011910
1970827
2057216
2008538
2154430
1927700
1908891
2359237
2018597
1879754
2151389
1918754
1995045
2114329
2196102
