768421
787998
784863
828377
759895
825481
752861
767613
768720
767536
805261
767513
828678
815658
859470
750653
731454
797920
727080
792336
753042
792063
738904
801821
756827
833670
790892
723663
856398
773628
755877
727127
792694
881228
804549
770820
873371
769666
726651
758507
789213
761069
779141
760900
815876
817930
740686
766259
734802
836600
789082
750550
843077
782204
741863
714776
727444
761319
800671
779276
734655
826952
794332
788201
743438
748516
757770
772718
773498
765710
769367
761860
841929
834450
747888
850993
728598
769159
723035
882719
846948
781233
836501
836363
780243
775903
799462
749103
747171
787068
795388
788974
807574
740182
865060
782074
800061
842547
810549
764968
