1463041
1527185
1770195
1567242
1745144
1464447
1490169
1403342
1458941
1449479
1576816
1460515
1476252
1485338
1509019
1488645
1518650
1494681
1498116
1612455
1518091
1560483
1548563
1558754
1562840
1449330
1635471
1490616
1679781
1555925
1617419
1489145
1437242
1438458
1454804
1548189
1634164
1581329
1514446
1545494
1434297
1568981
1612739
1501454
1594415
1504186
1577345
1507065
1487216
1584799
1574996
1525595
1464947
1473729
1528861
1486267
1695294
1523463
1488085
1607357
1449689
1566812
1471195
1526871
1658223
1597897
1409128
1576098
1543679
1461722
1498562
1520290
1645779
1564014
1483204
1395058
1463378
1513607
1542441
1623616
1597492
1536946
1459029
1530220
1512433
1458668
1669928
1588285
1479620
1563236
1611725
1627153
1528004
1561019
1599528
1418375
1517394
1525934
1725911
1519085
