47345
62211
52236
50378
58947
51909
100272
55543
52790
59676
54224
53060
54216
50846
55129
54889
53981
58014
57628
56559
54834
54709
61931
51216
62080
91171
54960
55530
58069
54229
51784
51011
59633
47773
55258
56912
51433
53868
62429
51268
49916
57783
51958
54085
57176
51501
66900
60529
49456
55073
58760
53509
54771
52985
56255
57962
55247
72064
55811
48776
62085
87636
101652
51036
56278
51223
49972
54319
50300
55593
51330
52219
60344
62631
57653
54493
58423
54575
62156
54200
53511
58039
54523
50413
57517
54199
52174
53333
53774
54477
67931
53785
49736
53935
53565
56248
71082
52679
52104
50712
