600452
579046
579536
808286
628758
619332
622629
605188
637754
630692
703012
567273
611504
593366
686345
617101
612357
590076
573624
597609
612684
644034
629946
601632
576516
636009
596232
571588
589423
605045
586000
600870
615974
592452
617222
681147
591373
601071
639741
561847
657935
559052
581745
590613
595063
577033
645021
605410
618046
588041
644356
615682
637625
661501
623504
602025
573709
615505
605045
643623
609958
608690
999653
550512
660559
577049
583196
566959
599971
607308
587152
604237
616469
570469
594785
572223
612018
632929
657434
606526
587719
636296
591066
645548
618768
624041
590655
602902
633241
655463
638384
582855
599635
601372
576339
652160
604348
598648
585703
574847
