927034
874429
872825
894246
800627
876069
951405
873806
897241
819994
859483
941659
918938
884199
896063
836426
924228
991544
815807
877824
826413
853191
918726
838111
857836
908881
856183
857917
825921
829881
892401
830333
855433
870764
869950
832089
847718
975964
886062
866977
915916
855883
859835
868177
928615
868719
820278
869188
866806
877834
970595
833370
837634
919262
873442
832865
849650
904496
902549
862915
854797
835367
901204
839407
843885
840658
917211
925022
948801
869184
803786
937441
814917
872471
828550
903628
877687
800330
839998
948008
819160
833645
808849
832150
1017467
872772
872661
868292
827250
886155
915233
862628
859104
819968
826306
861265
803814
862382
869812
843994
