2414469
2513406
2444972
2697626
2584634
2500669
2276156
2565942
2659731
2359970
2460566
2378880
2475706
2315233
2364007
2843753
2603015
2491429
2567618
2428341
2604334
2389521
2391700
2511093
2386001
2628512
2470045
2406404
2412136
2407511
2563088
2496542
2595160
2474257
3348190
2437711
2377921
2475802
2611383
2471254
2345536
2512129
2376564
2501902
2461249
2429813
2705941
2425673
2545364
2605071
2419186
2707173
2569492
2456021
2367048
2523248
2369885
2422093
2484394
2375448
2603973
2530927
2435456
2344650
2559222
2274529
2487920
2475136
2430589
2763947
2400064
2475878
2402056
2497605
2473881
2499750
2462850
2579907
2495456
2483022
2369276
2487277
2499477
2591648
2610319
2556347
2622356
2265723
2603909
2774682
2617528
2643797
2361774
2540280
2732200
2494044
2462597
2409659
2329378
2466472
