2756936
2793805
2696613
2925012
2563027
2623860
2642166
2632406
2700458
2661941
2597158
2747764
2628960
2740195
2602918
2745497
2921103
2846063
2737361
2751261
2669546
2614599
2591389
2533322
2619854
2999756
2699728
2650148
2798157
2704916
2600495
2468526
2698938
2678756
2937388
2768408
3004957
2793234
2915097
2663654
2591596
2549944
2840512
2684033
2699110
2649920
2910889
2849398
2721624
2581561
2634464
2604581
2700205
2658844
2822321
2756127
2739342
2770393
2634717
2883205
2574995
2676757
2817074
2693187
2702477
2723222
2625872
2608615
2772709
2480621
2546616
3156144
2842766
2697372
2711778
2610583
2743048
2747903
2575222
2787981
3046548
3396355
2661538
2638763
2753189
2658660
2675847
2568615
3245523
2700951
2787130
2739672
2849028
2593459
2847439
2833893
2628062
2819402
2782280
2783226
