2270566
1874321
2017209
1856876
1942590
1857609
1980870
1936743
1969370
1994699
1917800
1892792
1937279
2005732
1943423
1807684
1984417
1801875
1792702
1730133
2119277
1913902
1901448
1962726
1861291
1933648
1905209
1876068
2001344
1759141
1846984
1854344
1806357
1903940
1868284
1791418
1953554
1864385
1859865
1946422
1904964
1853701
1901579
1828355
1867790
1920494
1861252
2050401
2015256
1858810
1825040
1841260
1849981
1824231
1856385
1926902
1804324
1907818
1797010
1811992
1827249
1840717
1798000
1893853
1780732
1760457
1913684
1800675
1948724
1810693
1880299
1958418
1860058
1990553
1970847
2121362
1894166
2029093
1816650
1894935
1812052
1927294
1863956
1871530
1931885
2127119
1924167
1777303
1863121
1856499
1841606
1995697
1804236
1969965
1811986
1848787
1868809
1875980
2133779
1809370
