1224706
1271246
1108376
1186766
1294837
1157221
1101951
1070749
1264053
1128279
1139456
1176717
1114842
1157415
1207561
1103469
1114189
1170970
1111674
1136237
1154404
1138011
1230231
1113862
1166033
1100985
1172245
1232296
1256609
1203243
1088963
1074303
1137148
1107044
1235211
1109137
1143459
1295381
1181376
1105037
1184939
1136144
1205167
1072111
1112755
1129890
1078598
1266946
1110459
1174064
1142401
1263267
1223944
1088095
1125140
1193029
1139331
1261760
1187761
1095763
1136460
1149457
1323063
1081446
1155465
1103295
1090052
1090197
1163086
1126935
1130099
1098450
1140134
1104285
1095691
1109098
1156758
1202478
1152173
1182920
1305145
1100242
1264325
1223388
1119738
1046971
1125379
1233534
1076671
1165526
1155799
1034488
1115700
1159264
1099863
1076114
1115246
1133267
1083924
1107623
