924883
923301
933537
914683
920270
938375
898347
962971
948230
949505
983105
902157
1042569
912170
897965
932329
1025900
1028934
963312
1019062
990076
882118
1052594
915465
1015827
884047
916358
944934
953798
931798
961730
994120
1033967
1103846
880692
966601
970631
960581
978431
962663
894834
926374
951583
955260
991466
919382
985183
1020363
1013002
983112
932309
996538
1057008
914806
930383
1040349
901879
974933
989376
919180
996804
988000
898565
911280
1030926
940639
966496
921072
915143
894433
1100038
963436
917351
970168
1008596
1080231
960085
1121980
953778
936339
1017507
934829
954937
1015012
985471
984949
965250
1022351
1035323
924905
963202
994275
914940
995289
1000624
1010166
880001
960720
922809
917085
