2184828
2374833
2293671
2257224
2185986
2234822
2153125
2307213
2233305
2096084
2161826
2060875
2145760
2230649
2066149
2364666
2140903
2079527
2225556
2172203
2321801
2340346
2238758
2172172
2205490
2262852
2134361
2270215
2196269
2130530
2100980
2181798
2130305
2306683
2153748
2302567
2145508
2248578
2096403
2159551
2516961
2202712
2234443
2200430
2063581
2328125
2510159
2263070
2122604
2273448
2141385
2144329
2248019
2245361
2171515
2286991
2120790
2219957
2236793
2288572
2125906
1994336
2053521
2324221
2341293
2252485
2173938
2440146
2311135
2152684
2192954
2486382
2231130
2412159
2128863
2303218
2240361
2269495
2123085
2372829
2335110
2274406
2229405
2205018
2398074
2249681
2164285
2092264
2131812
2097052
2050376
2219124
2239214
2229260
2230605
2181065
2036436
2216337
2190746
2288250
