128600
116336
111917
117181
119266
123219
117288
116563
123909
114020
131749
119098
120424
114149
122105
112539
112728
120563
109224
118259
122416
114776
113486
114444
114734
111429
121064
130375
110204
116467
128911
111027
121867
118498
109772
124650
123619
129300
109678
117869
118587
116962
119846
127100
114989
132194
112264
115809
110522
124436
115159
121354
118285
118394
113202
112612
110735
143519
120602
110422
115543
128808
123301
118342
122946
126657
113512
126178
114200
113967
134449
113599
123577
117117
117029
107958
113739
112273
117244
112994
125418
112985
124564
112963
123485
117438
133520
112214
116340
120820
122231
111428
120053
117045
113708
116028
120304
117538
116513
110429
