195489
191850
185282
176224
188503
190623
170808
182511
179935
192651
205356
187554
179475
184789
206926
182095
194558
234674
185509
193460
184649
189959
184145
203510
191776
177102
181161
187709
180083
197893
199002
210534
177982
176952
200198
196812
186052
218243
189630
184494
324712
208362
208919
182844
187590
353596
202671
203612
184357
190997
199301
181500
177771
189498
184144
182626
185690
186408
204372
192934
190502
194071
187902
209758
205844
191759
178954
190344
176380
191197
274250
180938
187314
199133
197776
194663
195858
205867
184143
188636
215046
193536
199638
174697
205804
188406
325221
185270
186301
191104
185301
219984
190519
187415
195615
197428
190136
221788
167940
178589
