15825904
15706890
15560868
15623517
15818848
15736077
15630261
16031605
16244075
16040075
15663961
15582114
15849550
15880343
16092166
15735971
15786799
15821278
16084678
15691495
15508350
15635047
15486572
15588807
15547491
15313874
15961755
15347327
15405725
15853445
16526147
16262329
16146558
16111627
16130299
15806709
16003873
15658014
15292948
15771245
15752858
15655310
15681545
15606342
15584444
15834598
15743233
15731546
15741958
15590053
15509859
15798127
15717682
16114295
15807352
15740412
15758350
15609949
15620332
16064096
15738665
15948443
15406672
15773653
15798637
15660626
15678904
15748525
15845061
15981526
16002422
15567234
15819625
15926182
15998039
15525818
15909372
15578953
15515699
15664928
15985343
15687568
15732655
15692174
15859180
15607213
15816267
15782661
15722803
16089669
15644383
15578726
15787201
15755123
16001314
15491984
15943215
15499109
15728184
16013547
