3779076
3810566
3766481
3779019
3770740
3803566
3763235
3952557
3907457
3776975
3899507
3771036
3782330
3788580
3783169
3779424
3775155
3779948
4205795
3787905
3772413
3803285
3931441
3787273
3786081
3803112
3774549
3831149
3811403
3782191
3867341
3784602
3806196
3836231
3800214
3814985
3783831
3772767
3911038
3792689
3798489
3817307
3795395
3789698
3914336
3780980
3787285
3814064
3798540
3775622
3804558
3793955
3803617
4184268
3835600
3797756
3786665
3789624
3807529
3778704
3767352
3807077
3782625
3787395
3722051
3786091
3782352
3780516
3770993
3790176
3810151
3834171
3794845
3779073
3791908
3981729
3885591
3822501
3910005
3876194
3864915
3809796
4094464
3815699
3804917
3791776
3799642
3802167
3776630
3830938
3831372
3924793
3804894
3942261
3792608
3811514
3806639
3820302
3785658
3795350
