273050
254574
245887
251685
256782
247702
263738
253882
262184
266622
263141
262472
264226
265385
244682
246750
495915
263995
250814
263010
265306
263775
273023
262372
262774
263632
262901
365597
276781
266918
277975
266598
266437
269190
263020
277283
262485
267080
263809
266705
264332
261916
265406
262839
319891
275837
287027
263845
263594
298002
263566
264283
264326
278918
262365
280766
265056
264599
263593
264648
274506
263849
278577
382517
266273
270355
269260
264301
267691
269791
270723
267272
264696
263787
266574
264439
263057
263101
266547
264034
263439
265276
264577
264019
270442
275280
264238
262391
281112
265231
263913
275775
264458
263446
263825
265014
264186
266599
267051
265724
