2129161
2124359
2241133
2130589
2064531
2096877
2165455
2207713
2464874
2100075
2126781
2197189
2100515
2235576
2099523
2143697
2169955
2118141
2093910
2099482
2121306
2123037
2119579
2157766
2095459
2125944
2160295
2178846
2129790
2126103
2107788
2108210
2112724
2099820
2129526
2146681
2179579
2112764
2097676
2194134
3090870
2130866
2111399
2075308
2211140
2139708
2089479
2107561
2111380
2137270
2126785
2127340
2107991
2138143
2107204
2211803
2155351
2158587
2115638
2116057
2297014
2142828
2171458
2138126
2117313
2137234
2107880
2112717
2186384
2150396
2131085
2153018
2100850
2118129
2105859
2138089
2113668
2137933
2111590
2102630
2102885
2102123
2114569
2150223
2125981
2102783
2126191
2105859
2110109
2232299
2051034
2150940
2331038
2130976
2111129
2111488
2111296
2111542
2121129
2124805
