6130678
6318558
5997328
6032354
6644948
5976841
5869204
5971609
5998273
6032783
6813278
6013705
6346062
6388355
6046996
6048916
6314997
6322573
5753835
5871612
6015745
6304349
6029199
6122648
5994157
5963080
5999663
5860600
6218130
6070038
6006301
5989063
6008110
6084953
6019197
6030062
5969660
5997153
6023887
5980466
5997679
6244112
5974248
6006486
6020441
6053812
6049504
6016490
5986310
5971743
6049493
5668107
6027608
6026047
6009622
5988326
5991080
5980438
5991248
6062453
5997308
6230727
6085755
6008579
5996645
6506173
6018446
5980574
5978702
6076764
5973239
5719355
6069261
6145751
6069612
5983362
6277668
5991135
6026550
5979369
6136875
6033342
6014211
6088802
5992007
6001456
6000648
6043737
5974091
6045685
5980921
5988640
6213701
5995561
6062216
5984282
6021564
5980962
6047242
5980055
