977259
1013900
955562
974909
982109
969286
962429
973947
969128
961707
962346
955031
980104
957025
968616
977384
970405
956141
963160
985959
965872
981572
954710
960993
963353
959011
991204
956633
998008
971542
966954
961703
969202
969146
973282
967193
957735
981039
954755
980747
978370
1108794
960821
953311
954337
961421
964158
965562
980897
963011
999871
955653
965909
959187
996241
967815
963955
954994
973324
961287
983290
1019615
996208
980516
959413
966358
968015
958604
991156
960215
993125
963793
1004467
958124
968676
958708
1086031
958427
948846
984568
959035
983197
959029
980044
953693
958836
986303
960444
1074888
955598
971649
960828
978059
964365
971330
963085
961588
961286
958939
954756
