20063505
19978788
19202650
19441698
19670923
19697160
19560814
19614915
19747833
19780508
19200849
19462151
19419482
19204797
19726822
19763205
19756049
19758381
19766657
20018823
19952985
19514414
19942667
19621843
19656667
19518711
19820602
19196795
19688372
28676918
29008015
20301724
20088456
19217897
19090555
19541964
19788068
19764456
19643243
19314459
19633361
19549287
19581596
19860966
19700668
19351174
19643080
19310043
19481261
19677986
20005393
19578695
19464069
19479322
19735243
19661747
19570420
19581012
19509595
19735774
19771137
19857833
19860791
19836931
19702555
19859347
19641604
19643467
19346756
19693089
19397795
19507789
19504224
19635961
20053349
19654973
19933186
19706052
19557981
19763154
19592117
19556970
19368591
19499178
20129872
19416454
19816179
19757373
19659161
19564068
19570964
20069837
19006954
19956424
19336937
19584234
19529718
19784395
19531423
19458969
