12240438
12313032
12351956
12124692
12056003
12136813
12083434
12242830
11883967
12069182
12247746
12315778
12265396
12216740
12211336
12201501
12182549
11917324
12222919
12267631
12078820
12231704
12187453
12152370
12273854
12392575
12158654
12069338
11973430
12413210
12043604
12284850
12184266
11920865
12251934
12010475
12216097
12240158
12310713
12595755
12663483
12413035
12756228
12588402
12431335
12365872
12249582
12257455
11902442
11951327
12229510
12455494
12558268
13311892
12217063
12228528
12302313
12188902
12095489
12095140
11926222
11864657
12291331
12342980
12232675
12288310
12267449
12014941
12377970
12092604
12272341
12284421
11947360
12242903
12261126
12229216
12180361
12311987
12489982
12389546
11982605
12308341
12287446
12270533
12153047
12314875
12219414
12257830
12284784
12232247
12354667
12303761
12179672
12083424
12272319
12222892
12185639
12239420
12196862
11814898
