9180314
9299355
9099757
9066647
9145257
9038386
9058873
9157642
9104563
9102350
9034991
9066917
9133234
9095912
8922049
8773032
9022448
9057392
9065818
9052973
9054671
9046576
8933991
9020543
9045816
9044462
9048173
8982582
9053945
9074251
9052118
9249794
8847286
9035627
9164936
9206187
9664376
10236958
9196677
9215466
10603903
9418557
9020446
9034223
9074321
9074446
8865757
9055481
9212246
9059010
9073421
9080665
9162356
8928877
9303322
9308707
9139397
9097859
9060655
9082639
9113560
9054648
9096007
9087017
8790831
9091053
8938248
9217817
9080280
9056316
9275492
9039782
9009877
9065420
9059700
8874800
8963553
9109420
9044058
9059268
9053275
9080975
9055310
9131585
9111942
9067284
9088872
9033478
8971206
9095802
9242537
9084392
9068889
9053829
9120334
9041444
9299360
9237674
9103286
9171163
