1393878
1657934
1241742
1299755
1312558
1374185
1337064
1362275
1340086
1371616
1410838
1321970
1353923
1406542
1342009
1428069
1429066
1324179
1361098
1491054
1372000
1345280
1354913
1294687
1386165
1415260
1452532
1405137
1342922
1355193
1613360
1379146
1337556
1530803
1432409
1355983
1337959
1317900
1421998
1551640
1459397
1345063
1367467
1343850
1384468
1449910
1477704
1498168
1498918
1347208
1351676
1354176
1423446
1354255
1319280
1315560
1327095
1336564
1329086
1344369
1302655
1325674
1340216
1307996
1338927
1356196
1311349
1338934
1425563
1336746
1258620
1341780
1335356
1336039
1294760
1356328
1314148
1326156
1293626
1338504
1382341
1350632
1339345
1348975
1326837
1346706
1457311
1377846
1350348
1403226
1380864
1314380
1406074
1349611
1324707
1348609
1385175
1335436
1698376
1364983
