835181
839542
945149
916391
866657
811635
852085
846910
811541
822030
836544
807614
834678
848521
817811
891218
819726
821611
814246
845012
827157
813625
804075
839695
817905
895429
808889
814264
844252
817304
830576
893871
830034
842301
820258
838341
848083
850679
886208
836507
851630
875906
889315
918960
819995
825611
869318
891855
831888
846160
823538
858942
863299
841222
830783
876573
857387
848678
844150
833512
814546
837848
833473
835464
848539
824982
823029
872198
837760
829766
838119
831931
867141
829990
834973
821218
836889
879824
818906
815119
844734
841684
830002
833645
812076
842068
821890
1035060
810670
815121
819253
828062
821699
815470
833080
807192
817886
817593
816908
834298
