1580025
1694177
1747543
1555585
1536432
1472335
1557993
1621666
1571121
1562103
1543816
1631744
1596711
1605578
1563100
1514335
1489459
1536462
1587618
1521964
1567688
1669890
1654259
1661913
1543091
1630363
1527838
1470134
1546224
1531365
1539938
1600411
1538001
1527816
1593989
1494909
1553097
1546172
1511746
1550628
1588987
1558904
1611147
1627985
1562823
1585873
1532036
1578617
1504718
1522691
1476491
1520053
2095998
1522923
1532490
1488826
1501115
1468679
1523176
1534077
1507992
1540043
1537211
1514045
1542937
1531556
1632686
1592290
1551569
1742919
1459738
1529383
1616885
1515075
1489172
1503963
1510335
1539726
1504512
1529886
1618837
1530468
1484158
1524374
1479782
1613643
1472712
1508541
1518123
1394971
1476187
1516923
1542881
1532017
1628855
1542282
1545636
1486427
1519930
1568901
