1317233
1280911
1280147
1294120
1507696
1335442
1219180
1307550
1327211
1276675
1277564
1324924
1260870
1265160
1307119
1270139
1307597
1273475
1312753
1262945
1261961
1323677
1300016
1234834
1300874
1276436
1277260
1350676
1373429
1317821
1291117
1311391
1308606
1306372
1356926
1297857
1330800
1270479
1707280
1308823
1303337
1335147
1285700
1381453
1352959
1273563
1284082
1382991
1275125
1316220
1550343
1293354
1371795
1307218
1302964
1306162
1308193
1356826
1293832
1314381
1274062
1317325
1298981
1413322
1363718
1282528
1290479
1342152
1443266
2783703
2204938
1318488
1282091
1325073
1289013
1304194
1313722
1383581
1330071
1354719
1277228
1254275
1258795
1277599
1306699
1337715
1293233
1275225
1237962
1307190
1278037
1261633
1276288
1310185
1260591
1241459
1296026
1290495
1254390
1277365
