475993
548002
478352
486435
800431
511208
524828
506415
503907
515974
525241
529422
526870
461365
520560
521297
522235
509634
514009
499301
512610
514310
509830
530145
506515
531004
507483
510314
510207
514916
521395
503114
513032
515175
512618
499827
509850
519295
503902
508336
508594
578944
517267
519667
501732
522705
506983
513274
514587
497818
507474
516516
516523
740355
526144
515495
513573
494152
519185
511944
532637
509694
519576
566604
520093
535785
512053
535821
514318
516330
518767
510293
512984
509623
499742
521875
528185
519957
486000
519868
512552
506488
509723
514326
518369
508504
514965
518880
505964
510408
503808
553499
488905
514202
510659
528215
511757
509803
510330
511846
