1083332
1185616
1151366
1028885
1035025
1011319
1016694
1030085
1228663
1132776
1000230
1025244
1112493
1021112
1051991
1076548
1041602
1015178
1058159
1115079
1038002
1069402
1010846
1032743
1049394
1081997
1025773
1047241
1049615
1059168
1030765
1083763
1021744
1016766
1041431
1011488
1060495
1061233
1090844
1050139
1028609
1051174
1132887
1034871
1044916
1035515
1215470
1020883
1039873
1105658
1030847
1009222
1015650
1134452
1033330
1066256
1102111
1001363
1011041
1015468
1008396
1036112
1038470
1093752
1026623
1026044
1088657
1046797
1055930
1096070
1204464
1048475
1047756
1047963
1136494
1044131
1007366
1030805
1009337
1008977
1022197
1014644
1042940
1007571
1023339
1055987
1145767
1132877
1010325
1024715
1027312
1040281
1150894
1282934
1076443
1031297
1033876
1134328
1136758
1143705
