1047099
1063414
1102116
1122636
1034113
968690
979402
1060545
949051
972124
1019143
986654
991752
973274
977965
1000269
985454
988656
1011294
956335
991525
1020407
974461
959479
1065181
990009
989313
970924
981323
1009230
985748
1012407
1042871
969372
1002000
980306
974397
988981
980821
988088
998078
985889
969352
963061
1009202
952516
965813
1018790
990626
968874
987457
970425
960148
1088803
980107
974495
1039813
980387
938974
988302
969943
974903
969205
1014228
1004777
981011
966274
1005933
1045921
975021
1094764
977368
957651
954118
952172
1067043
1000007
986008
960682
983233
993906
972708
1018186
968327
970503
949599
974867
954662
1089265
1024997
969265
1147157
1010885
1003976
979169
1093454
1128129
1003912
964010
1017303
