802071
773430
876265
816495
777186
890669
795975
818479
772448
867794
771188
795783
848793
795369
798202
865745
793898
829134
776811
801655
826051
823666
783013
807183
793948
788496
774505
776196
834372
780649
775852
773347
783574
764280
779112
776272
773364
772545
793308
758421
804509
788320
772290
776730
903508
773375
766440
781862
772852
784775
762813
969431
765296
782781
826098
780652
773084
826212
765484
916394
780958
779872
817058
781825
789215
776553
778527
788727
790840
768705
766601
778565
788325
826085
784511
777738
910811
776838
776492
763674
784877
781344
779567
773379
785307
794418
774945
783630
770392
764982
876354
918305
785806
810889
876220
871231
790766
852854
854413
783815
