1175542
1159727
1157252
1204767
1188263
1131975
1157260
1154765
1177715
1149137
1163214
1156726
1184961
1258203
1150671
1172280
1157369
1246268
1201859
1148782
1166321
1190535
1178932
1205135
1183113
1191311
1235329
1145341
1183664
1182756
1305877
1322027
1178925
1180501
1219603
1246727
1202182
1216194
1177558
1218264
1229905
1158868
1172710
1225118
1201697
1142924
1168369
1196868
1240270
1328175
1185429
1255302
1203044
1464211
1169032
1201682
1259481
1175532
1167678
1184375
1206692
1257676
1234298
1167989
1206407
1160866
1133580
1148859
1152696
1138137
1146780
1126651
1145787
1192873
1142545
1164796
1278543
1148475
1145593
1197226
1144940
1119637
1141185
1149491
1153978
1193383
1181673
1163134
1161251
1155958
1145914
1180640
1147025
1170988
1182162
1219257
1382369
1651776
1180359
1244390
