527927
536780
532271
527442
533023
566668
528356
561786
530065
527132
526584
539990
543811
535300
529172
535483
523353
532946
525156
527226
533372
528658
547275
527414
531835
534153
524670
524915
535581
519732
536961
528747
535881
523508
523536
536004
549193
530560
527343
531934
529576
528206
528683
549035
544592
528522
665219
537126
533676
533331
543750
528551
538981
526459
528517
707439
528551
569288
552330
539047
534780
521782
533744
530197
525081
531199
537822
527790
529861
612381
535194
525358
528661
521590
532293
516435
521603
528843
524237
522886
523069
543639
525985
529636
527797
548492
682159
552309
527553
532703
556598
524137
534988
576495
532571
528489
542371
533235
547527
526475
