1420868
1491366
1514335
1471237
1454928
1464238
1471464
1520520
1449204
1421586
1449928
1459730
1453307
1430052
1513207
1489353
1501324
1494255
1451845
1643143
1438795
1498478
1519859
1442321
1473595
1515233
1545615
1639825
1532355
1455923
1478031
1502182
1519595
1490755
1521295
1559978
1486357
1471565
1466458
1451830
1482061
1447877
1525795
1675990
1549956
1539891
1431615
1458142
1486846
1528473
1464211
1498430
1599902
1568033
1669019
1571627
1477233
1606815
1563286
1635723
1684297
1639085
1477804
1469045
1457038
1480733
1451828
1460558
1446967
1451901
1462592
1525574
1463373
1445191
1454759
1440424
1569853
1447515
1500240
1480606
1457927
1534872
1457674
1416519
1486374
1443896
1467899
1485916
1463901
1417890
1461456
1478098
1554708
1482567
1473201
1572253
1523409
1468572
1510407
1482223
