764476
751440
814613
760453
812412
805578
849063
749451
894452
807296
758113
750232
829068
740915
746123
747020
779693
782557
761522
757658
737984
750450
821578
753249
732455
745160
774509
754917
756988
748402
749881
752244
738768
739935
758367
759770
740766
750423
749661
733152
768368
764042
747241
759433
750111
1092499
780484
757732
763498
748810
738860
837671
757509
753997
745532
789314
746769
782213
782282
774663
765027
817590
759512
755244
753345
749420
760777
766929
770034
752830
897533
784098
742105
759354
742554
863575
761810
749353
753500
756841
777650
897393
775052
761105
767449
752243
751360
789664
782614
793342
830046
773311
750130
777561
766000
797614
768824
804663
780525
749743
