1211954
1128366
1243973
1134901
1236829
1306216
1223396
1130486
1109583
1123746
1212726
1130203
1132465
1159116
1145154
1123287
1176293
1176641
1138642
1175123
1133855
1141031
1181619
1144633
1188718
1150182
1111918
1139312
1199072
1149257
1258167
1149683
1203052
1154258
1144975
1187544
1286087
1167304
1173776
1170159
1229845
1151054
1199029
1150597
1152947
1191958
1154163
1135306
1122747
1402414
1131870
1107438
1140349
1140922
1111764
1158328
1108356
1121211
1151139
1225012
1108130
1206820
1170854
1181126
1158886
1158909
1238964
1154201
1246951
1161983
1172906
1221014
1139996
1121337
1135926
1131689
1142356
1207359
1142671
1118877
1132714
1130073
1117410
1099801
1105250
1115440
1176451
1292652
1209285
2279742
1383154
1329756
1147399
1167978
1120017
1217594
1169911
1139337
1280477
1181614
