1149277
1132373
1096729
1102888
1118212
1111542
1096579
1092720
1105340
1095342
1129755
1106093
1102269
1106972
1100324
1119673
1129709
1130218
1113238
1117974
1215592
1311940
1538903
1172138
1182642
1302787
1104590
1136000
1113602
1130390
1132986
1143177
1184618
1142014
1156363
1136867
1325975
1248806
1171594
1136262
1146438
1296445
1160637
1159684
1165201
1228873
1076189
1191947
1168718
1101936
1173822
1153717
1246396
1130410
1117453
1204892
1089645
1126072
1159459
1240444
1149001
1242637
1382624
1121875
1216110
1256300
1273683
1160655
1132737
1114232
1158967
1207494
1149197
1129089
1105622
1123700
1090077
1094709
1107817
1131074
1210548
1119261
1077556
1098345
1119033
1104972
1088864
1134138
1378124
1102901
1105895
1098120
1143676
1097202
1109637
1096784
1128074
1103434
1134863
1106054
