724584
735836
752452
717201
745078
719490
733745
724611
726401
724312
739119
744054
729092
979900
744312
743974
776540
727258
751769
726106
724743
725351
741023
730741
725263
724641
730344
741466
718373
734733
725047
741189
741868
726727
721536
729047
820349
736092
724141
731911
723360
734640
715551
730451
739140
729730
739524
741054
736171
751678
732064
776486
743995
726893
728375
729837
729208
726086
726757
724020
719547
800571
730134
736092
725889
723312
722215
721004
737045
730622
748188
728444
763234
764684
723027
749782
730356
759484
744409
746857
728223
736540
720226
730618
721163
875632
740491
735814
741026
733941
723270
788052
720407
774912
769499
730294
724904
725943
741726
734530
