1242666
1196893
1252854
1229774
1221006
1187862
1198806
1227590
1202985
1203450
1166688
1279021
1174731
1168399
1175924
1236928
1222900
1197993
1273895
1227338
1243048
1203869
1199588
1203643
1202787
1166420
1188080
1199269
1242354
1161297
1229604
1265951
1198946
1164365
1237998
1201698
1173933
1243695
1178477
1223472
1222612
1192580
1288667
1269374
1196486
1194848
1167368
1207302
1219598
1192241
1221622
1198393
1260259
1183108
1204521
1200568
1187370
1258895
1172706
1216554
1222342
1235248
1173333
1209466
1162573
1187072
1172491
1512463
1210839
1192363
1200446
1135335
1303010
1171618
1200686
1176957
1190429
1245917
1360311
1295621
1466050
1268768
1316905
1322710
1314029
1208209
1181712
1170206
1186652
1175597
1172280
1206824
1200324
1174688
1188184
1175209
1166563
1201039
1164307
1194913
