1194290
1080940
1165500
1144490
1092286
1109109
1203952
1098911
1077450
1085399
1148344
1102145
1098263
1125871
1154743
1127147
1091076
1102203
1117448
1087159
1094208
1132092
1086317
1073926
1102607
1090717
1123813
1106981
1141266
1088253
1124708
1091896
1200259
1106051
1101737
1124356
1112396
1099456
1094550
1116797
1171957
1123740
1094445
1143103
1098444
1118326
1155553
1117842
1104680
1086502
1171885
1236872
1104946
1105468
1133019
1122635
1085780
1113946
1202170
1093084
1088088
1068741
1080474
1357506
1133573
1130666
1090951
1106052
1064307
1126042
1112609
1095707
1091891
1088499
1081700
1095023
1084967
1174942
1149107
1163547
1083217
1084345
1126160
1158456
1246802
1281953
1187230
1105773
1272144
1114094
1106453
1161929
1170871
1101143
1094845
1095574
1080534
1091521
1086380
1083921
