1062963
1052824
1356036
1134030
1040743
1052934
1055923
1041060
1068581
1023874
1065404
1040587
1078951
1073315
1074817
1065098
1077439
1062108
1065805
1155117
1041536
1114801
1113980
1201952
1073105
1095911
1092194
1037790
1098429
1073827
1132596
1103406
1057450
1078749
1039367
1058077
1062392
1036217
1070736
1036043
1061639
1063992
1074369
1087894
1047689
1050736
1047196
1038710
1041480
1286573
1087611
1089863
1032981
1054726
1058686
1044468
1052811
1062469
1035005
1063277
1061961
1142259
1056719
1044540
1066308
1053383
1058391
1052212
1092371
1087672
1083837
1062233
1073038
1076702
1067155
1059828
1102878
1085354
1073797
1088475
1229488
1063362
1075763
1083920
1079336
1077966
1128345
1172831
1042063
1060085
1124291
1054979
1037679
1108960
1045282
1042360
1090689
1100433
1061520
1060477
