704939
698643
756165
706078
710415
703206
707012
698794
704455
704095
708475
708028
707312
712177
702486
698666
716439
712729
703950
748992
696112
810220
740698
701819
698620
706888
701111
700330
708035
708748
704013
706065
721469
710563
704838
702898
732618
702238
698002
712206
777333
698765
709186
714478
699541
707874
706624
702280
709196
733789
717576
699432
713697
797152
700893
726183
751862
765471
760246
715931
754770
708310
831702
703440
741805
721967
753472
833114
733337
697301
709483
704530
706145
711486
700277
733692
707383
702378
698603
751548
704381
707010
703071
743458
702302
702316
657944
698771
706062
703645
706920
701162
699675
702856
705298
703889
702418
704017
699013
701543
