1008182
996341
1012999
1008494
984647
1021966
1021446
1170408
1018336
1025542
1003443
994477
1006328
1084832
1408549
1000998
984331
966641
1016543
1067353
1157824
1088040
1000255
1011611
1075047
1018329
1046214
1046788
1014137
1048794
1036526
1099185
1053778
998175
1017991
1015750
1007682
1204174
1033141
1037316
1023761
1016469
1043589
1055135
1017073
1023273
1035700
988186
1053790
1012460
1026244
1014716
1010302
1004115
1028421
1030535
1010534
999807
1045603
1006676
1088604
1007383
1062688
1084943
1019979
1061422
1108539
1015626
1035519
1011490
1040038
1118321
1022937
1016907
1013233
988680
986707
1037384
983153
975819
998603
995474
999847
1017582
1029225
1008860
998811
1018335
1009310
998372
1009193
986346
992477
1044018
989663
1003436
999787
1101223
1009397
996676
