1337211
1224165
1271336
1317808
1229035
1228188
1269653
1228238
1315378
1253446
1458867
1201599
1249891
1346771
1231699
1202329
1275907
1290191
1312467
1214811
1208197
1257889
1311792
1263788
1239074
1225692
1368922
1291855
1240634
1339711
1297224
1232361
1204919
1226091
1407775
1216745
1203574
1219150
1237710
1207255
1246279
1194198
1250990
1301869
1976532
1428500
1285906
1284979
1355687
1267534
1212380
1317514
1214147
1315788
1214729
1216429
1260873
1188144
1201510
1204233
1225568
1249215
1237401
1204720
1263670
1249960
1205290
1250287
1292462
1235618
1246894
1237916
1213268
1233936
1220226
1227633
1202508
1205421
1238882
1251762
1272895
1237881
1195132
1216924
1235519
1310074
1231220
1278387
1640457
1268910
1241400
1243240
1290431
1239122
1293372
1420611
1237692
1226926
1269346
1284340
