1437842
1441191
1549364
1618675
1450455
1411126
1426526
1387198
1393544
1427333
1398158
1411333
1381967
1410543
1382492
1447899
1461823
1455091
1464901
1393801
1416134
1398626
1515960
1403944
1493614
1495028
1422866
1482060
1405490
1371398
1482548
1531584
1501932
1455463
1538942
1483141
1471299
1423186
1436738
1448485
1482452
1565651
1499199
1414747
1426438
1455072
1470152
1449757
1497444
1443296
1435012
1434746
1499906
1476490
1429990
1510334
1543443
1458327
1431894
1419046
1765799
1467324
3225025
2054942
1474493
1493628
1476124
1463392
1389414
1435166
1434789
1421471
1488381
1432606
1389081
1429722
1411026
1454098
1442281
1471780
1429705
1468582
1530721
1408771
1360426
1435005
1444745
1423905
1412332
1425120
1457360
1444881
1449936
1638039
1424104
1574495
1452350
1434996
1422679
1424229
