1330189
1294977
1188938
1193377
1201995
1170558
1274559
1270262
1179295
1186119
1196851
1195177
1208098
1207087
1290874
1207826
1173806
1177222
1235757
1549084
1548773
1282869
1266128
1234795
1178348
1233040
1224435
1215356
1227023
1181417
1204998
1213928
1225345
1210676
1216530
1244974
1226874
1204630
1200062
1214479
1251089
1191957
1209455
1206029
1169196
1205276
1193808
1226057
1212742
1177826
1198613
1178304
1174438
1199623
1205858
1222056
1206617
1175053
1214038
1320953
1195529
1207274
1178782
1279824
1299217
1247687
1311418
1316047
1249068
1200385
1240324
1263345
1196622
1185195
1245048
1249824
1201634
1233001
1234391
1258231
1253636
1202630
1268521
1268450
1298999
1189406
1213683
1301180
1222010
1329567
1211078
1204243
1247897
1274354
1235321
1185384
1238413
1287459
1252506
1249724
