623097
635029
593109
619336
622491
615605
617965
617618
612855
630727
634759
627355
622700
621006
634705
621939
627132
607201
634503
623528
711807
611345
638424
621172
675618
633053
641262
632762
636552
618235
644180
626107
634924
629554
650383
617181
613299
626138
612236
613109
622606
625017
622830
623088
620816
626511
619519
638573
619757
621562
622076
638936
611834
632929
615857
613867
639746
612661
617388
614893
627899
626807
614707
622263
616192
624134
611683
618275
628879
620321
632691
616472
624219
625004
640582
613866
621928
619716
618614
619670
623734
630287
620782
619947
616397
643673
629463
618778
616390
614488
678440
613103
620055
614206
620969
625056
624756
614493
621593
609516
