940857
952783
974170
950001
953956
951236
943029
940409
924734
943705
965832
946454
1044529
1049883
945669
964274
1041036
946785
960483
958684
942193
980075
1037969
948507
958402
988962
990143
939096
962417
1006933
993176
956109
1102019
977009
965527
1132214
964761
948717
946128
954170
967737
984946
1023902
975601
982851
951328
1042166
990599
968749
1042813
950893
950749
1024841
989862
944554
1041044
1109541
961315
1090613
949001
1068938
1085790
933017
948520
945688
1042213
955443
948594
1028797
924259
948100
966058
950598
928827
952280
947888
993532
936363
1050713
938344
1011353
943920
945555
964381
921116
941792
972336
941018
944104
959506
940730
977534
933871
963824
946606
937300
939760
946900
967120
965403
