1452594
1481412
1801678
1421190
1455806
1393623
1492644
1543508
1388900
1343099
1373603
1446096
1514922
1344438
1378271
1337928
1382334
1485880
1460203
1346029
1352882
1324851
1383099
1450171
1511200
1338985
1346178
1383097
1356653
1406494
1428477
1320790
1336602
1352548
1407948
1409487
1472152
1462174
1338864
1342395
1341783
1372542
1373310
1481069
1327509
1428509
1326415
1356428
1366697
1352606
1328312
1373147
1337123
1367390
1364778
1327347
1369161
1319602
1660608
1348694
1380480
1324139
1368496
1311744
1509695
1424929
1376550
1430127
1491199
1359722
1348733
1376608
1403944
1525697
1397951
1453197
1411495
1326964
1332810
1453572
1333352
1319564
1331815
1328178
1399250
1343163
1352240
1341536
1359901
1308008
1332074
1341393
1326325
1341359
1352824
1352141
1396747
1366914
1328144
1395035
