586671
578375
615288
581516
576438
576165
615706
573655
568630
587065
581570
580420
586063
572177
571590
582135
579905
583751
581022
576234
577969
573574
549243
583570
607070
587022
578418
574944
582185
581398
573298
580172
581611
594704
576957
576533
581652
579697
572002
571273
595137
572250
579489
583408
610492
576893
592490
577526
589242
574035
647442
578391
580950
571907
615777
586664
578593
605700
576391
589183
577411
594836
595565
600289
572332
594354
591410
607909
613294
586123
605511
585601
588757
590632
576694
570625
577280
576375
579480
572205
598215
582647
593933
573004
646536
579843
576218
569526
570187
571210
578912
650840
578300
593452
581419
581718
589705
583038
578855
572283
