1164804
1022281
987066
989226
1221406
965050
968829
1001661
1038429
973811
986858
976315
973027
980850
959350
1042545
978170
955917
970227
966077
961071
986240
995467
963183
961519
971540
1013263
959106
971391
978211
976534
995453
1084631
1004965
1216373
1025632
995104
982535
969356
992440
968267
1052591
1078397
1003366
1033375
1017950
999327
991356
985372
981548
989374
980208
1001630
1022591
1007781
1001482
1024267
990965
1021755
996207
1046262
1042387
1054719
1006116
1186783
1180969
986511
1006044
989065
989349
1029378
1031246
1063463
1014435
1026968
1105410
1041007
1387710
1168498
995723
1038396
988651
993917
988582
964911
965741
976822
959908
956649
974325
988179
1018121
986015
977927
987622
1239929
966722
966663
969398
1012579
