1522981
1396362
1467531
1503014
1479207
1413824
1395695
1388529
1695983
1419925
1391443
1445745
1507172
1446061
1422717
1486637
1420248
1387598
1503578
1506358
1423328
1473303
1376550
1456603
1463222
1557276
1547409
1495921
1368658
1440420
1411322
1399980
1356403
1382823
1420618
1358566
1406553
1436783
1398874
1404682
1403241
1401817
1505435
1410926
1406909
1467564
1360628
1401257
1369089
1395562
1397412
1383084
1412290
1404484
1393546
1544966
1426714
1444897
1390942
1458690
1433161
1419352
1407186
1487917
1377721
1379573
1400926
1412409
1382886
1414920
1449631
1382931
1392212
1409696
1387945
1424113
1398191
1400254
1408331
1383047
1381208
1401673
1571077
1578223
1684318
1414495
1410665
1411417
1388347
1416395
1413982
1479577
1403546
1408122
1393041
1398541
1392635
1403062
1455927
1361433
