689413
686261
668547
730741
643939
645221
648223
653624
662037
658627
658678
641884
662081
653493
650560
649411
658470
670805
650571
664060
649806
667565
650112
653437
674241
659436
660171
669830
655673
658630
667919
664986
665650
646433
734839
673875
649409
652484
660790
676722
666909
738397
659229
656210
654756
659329
652444
670705
653395
659905
643821
666310
647313
707737
651714
648685
656135
652563
643967
657295
726976
658426
659394
663487
675771
648965
674953
661304
679811
653637
673163
647111
667927
670401
679829
654724
665424
647774
664187
652025
648707
653408
641395
645003
656765
660384
773633
661074
668710
655343
674939
684690
670116
652858
648461
664120
650362
657832
662520
658718
