1467058
1404913
1574365
1416507
1536112
1358261
1445036
1414139
1399783
1392753
1371466
1378433
1408864
1375770
1416844
1387451
1426465
1393253
1392504
1372162
1345019
1398859
1312773
1384090
2029446
1732518
1553757
1559154
1988295
1535866
1452756
1378057
1391377
1421066
1394566
1481084
1373544
1347406
1377829
1448091
1415793
1374296
1381491
1356715
1357775
1417882
1415518
1422693
1358633
1401018
1368703
1377203
1358741
1382202
1341517
1365170
1397058
1382148
1354926
1364234
1351216
1412924
1350222
1351090
1347683
1525103
1443900
1385232
1457674
1434628
1387486
1379049
1454454
1523822
1407059
1516068
1445722
1294798
1443083
1461324
1502100
1366392
1475243
1403277
1414406
1358413
1360248
1520788
1470440
1487509
1583246
1422206
1362597
1434784
1463971
1393967
1468924
1402594
1471390
1470211
