1418979
1523740
1441243
1353212
1367576
1354368
1369178
1475866
1552686
1385068
1408897
1378613
1396456
1354418
1436076
1463870
1343073
1370811
1349848
1458128
1508795
1416888
1349018
1389246
1432055
1410879
1404075
1532148
1474901
1389811
1368485
1347699
1393861
1459862
1458383
1450213
1398824
1323617
1386699
1360128
1402337
1420722
1374198
1375120
1486470
1372623
1410873
1307652
1379054
1463168
1440720
1408034
1358712
1350119
1354654
1443117
1450338
1364313
1362073
1392289
1405602
1365500
1411962
1363718
1435481
1392794
1395438
1385743
1334858
1399501
1351234
1371965
1366834
1427837
1357684
1387407
1390701
1355155
1401218
1381123
1329350
1374516
1325766
1366102
1438806
1454026
1464206
1519448
1484996
1375651
1408008
1347097
1440544
1348081
1388719
1426334
1385926
1367586
1370287
1332615
