858842
915712
845829
845229
850338
837611
832891
850763
838216
838653
851104
842860
828249
821701
875694
839923
863232
866225
830088
859303
833874
894099
846211
835396
904132
880289
853548
848297
854805
883655
854446
841337
856142
861868
869813
889737
842069
849418
862332
848170
867721
861391
897860
848776
859916
925877
849552
842179
840529
884954
851149
833723
866140
854719
857106
830323
856706
879766
839113
849762
844935
849600
931692
854483
867799
925834
878461
854653
1004546
841062
848574
938619
982619
834687
841301
867116
836298
859608
846225
823764
865403
819684
939684
830955
831229
841339
840432
844951
840846
845667
851725
829185
844627
844964
839417
845714
845331
832931
869612
844700
