1102134
1074959
1080433
1065733
1107135
1080369
1124470
1108327
1136902
1095422
1105393
1111408
1097493
1065743
1109071
1122032
1078519
1119879
1123682
1094005
1077311
1129730
1235903
1062565
1098322
1114852
1139597
1096019
1115874
1089286
1059276
1103854
1066585
1098249
1059099
1056483
1063638
1193642
1096532
1064535
1047276
1075100
1079121
1083539
1069499
1070745
1087972
1079399
1101041
1076434
1137468
1096384
1154538
1269475
1130420
1048982
1070441
1127852
1099740
1077607
1077476
1070033
1061683
1116729
1106291
1094047
1068360
1082563
1069324
1080191
1099513
1064508
1092151
1075685
1041976
1075354
1099291
1081354
1156416
1074091
1068357
1040709
1049007
1114256
1110061
1050348
1061973
1054021
1129852
1065342
1077765
1067494
1071256
1268487
1114167
1074984
1082338
1102458
1140173
1071094
