1393482
1248403
1269089
1339229
1258273
1296588
1475155
1332912
1330915
1278365
1257126
1321183
1288972
1372390
1289744
1274116
1285621
1303558
1296296
1365579
1350914
1282845
1280119
1392305
1274023
1402572
1273642
1276486
1306400
1753157
1280119
1299924
1331746
1227663
1265489
1257904
1252846
1274715
1314759
1361724
1256593
1317874
1255360
1246541
1323879
1251174
1422339
1253348
1261752
1347769
1363564
1245023
1294602
1291599
1266135
1324095
1288275
1292367
1286270
1305184
1338396
1293145
1294214
1271636
1325330
1325393
1318854
1272305
1294464
1249296
1334993
1239657
1220052
1251944
1209377
1247827
1264823
1282416
1257744
1254136
1295341
1228659
1320710
1257722
1294223
1294710
1298191
1319027
1385253
1412442
1383528
1360061
1317432
1331569
1237686
1280602
1329983
1284280
1275754
1312954
