896172
923628
887047
906793
949457
910229
891446
945687
918164
964781
891529
879200
908323
899289
926274
947566
897336
894674
911329
884283
926160
881594
893555
934271
889611
903278
979089
906807
894908
896962
909298
899098
915036
898294
981212
898884
902709
914534
924342
892281
879797
892570
984058
899213
929514
975369
890881
913422
966158
888702
897725
923501
898712
941334
876111
900181
956952
883524
911254
893639
883112
944415
880989
884386
895812
927534
921117
889607
907066
995235
888999
887370
889284
901909
872883
886716
891344
890351
873539
946209
892262
893121
882063
877301
890268
919361
877889
894426
939320
940009
1026140
919968
915269
910124
938068
1070506
1085996
965768
911317
884343
