1617283
1646824
1572303
1467333
1573346
1507430
1502109
1457664
1596168
1843947
1537296
1505000
1523612
1545144
1540338
1518903
1450976
1540224
1590971
1587476
1577035
1741327
1641419
1530367
1544241
1488326
1470936
1575297
1530774
1483200
1543882
1516805
1537786
1467120
1511312
1457422
1482748
1521372
1515239
1513441
1573105
1628349
1583956
1463204
1521284
1481674
1624740
1600401
1714729
1691268
1677095
1711086
1623469
1589298
1651750
1545038
1479006
1487006
1578565
1529355
1511820
1498900
1528998
1509184
1470888
1514283
1530268
1464657
1497739
1505440
1482921
1501338
1485443
1538223
1492030
1505346
1492616
1534924
1525166
1493118
1465972
1481822
1600445
1460294
1460692
1485522
1523309
1523978
1498859
1627829
1516316
1532595
1553425
1544243
1594545
1593585
1588091
1522525
1590774
1515017
