975633
1064690
944460
910788
931914
964951
918352
894611
905963
898782
902298
948920
906897
964752
938481
923272
923187
929501
912389
929166
902859
898564
889887
912091
981192
904974
902559
896116
917172
880594
891380
955126
893665
1116098
979955
896666
907620
899691
902788
900859
903931
926527
893734
918859
1041532
905689
918976
896762
911320
927736
902476
900477
904391
899334
925753
963154
907079
862146
946349
891942
912675
986705
887495
895055
899483
896709
903215
920140
912986
906582
906766
892065
909021
916428
927439
902233
909464
915578
906883
900547
919617
961673
966191
941819
892974
908728
899210
910497
922405
948183
1024346
1119412
929396
918088
906201
920561
936635
919912
976766
959790
