1347484
1396814
1413538
1306987
1304058
1432033
1367693
1349264
1395326
1338028
1356658
1342904
1439432
1386060
1381417
1414054
1314381
1396335
1340284
1352203
1403176
1294398
1385915
1369726
1352299
1382819
1405637
1374119
1313144
1330593
1385884
1306568
1336409
1413701
1316787
1323156
1347578
1342443
1409532
1481212
1316049
1376674
1292778
1371170
1445521
1395033
1368072
1305661
1421717
1340351
1293608
1338483
1322630
1302597
1314675
1316228
1290975
1344369
1311960
1277787
1304791
1320763
1343776
1709016
1331842
1316569
1441999
1350930
1503932
1667942
1499945
1358649
1339516
1340342
1415696
1517389
1310350
1315430
1275503
1309075
1299325
1354201
1355530
1325572
1280349
1338701
1337531
1346563
1262795
1291950
1298218
1311869
1318769
1319679
1277550
1324771
1343233
1316031
1301897
1314705
