903454
852892
964540
1104675
856692
996842
855070
856810
905104
852606
865633
876254
922298
870281
877665
861708
905729
865089
927934
878638
862030
884370
872858
925488
865415
874796
869795
865016
967909
858293
888527
870023
892649
918307
873350
854665
887382
861311
908829
857272
867453
908873
870524
878394
966364
891969
926730
919124
877981
870195
939317
857369
879648
910821
866430
940498
1052999
1007795
1353263
914463
1019619
899890
845237
888338
929037
854814
880793
865426
868830
852487
848573
875516
872064
847179
853872
871020
872940
851745
880082
853028
855992
854661
850268
876509
859299
859251
880157
847466
861099
855552
861549
848879
854751
856910
862882
856413
869626
958650
857937
856392
