1348669
1286994
1538636
1426318
1241810
1251511
1263977
1263640
1274955
1259238
1256745
1308267
1255757
1347636
1254778
1300071
1272303
1263412
1265953
1230731
1267906
1251850
1374847
1349160
1269814
1268948
1251487
1357959
1371275
1254201
1247832
1240048
1275944
1241357
1241978
1270758
1280157
1312919
1251347
1227356
1241736
1285572
1311778
1280073
1239609
1246706
1500484
1240197
1617698
1286051
1238597
1226199
1233771
1243125
1271185
1225411
1291386
1255344
1221556
1271430
1239384
1194979
1236176
1265689
1218788
1275858
1257878
1250762
1260118
1246287
1243644
1227841
1221246
1260699
1240124
1227546
1215020
1271846
1353326
1293356
1204201
1413586
1207141
1235121
1222631
1244922
1232000
1215888
1221412
1243807
1254635
1196009
1292471
1245943
1231037
1294473
1239607
1212715
1234643
1359912
