1764116
1721805
1570974
1533107
1471681
1432905
1496914
1420643
1489545
1442263
1473713
1479589
1494330
1527163
1507800
1441499
1591390
1617799
1609164
1605030
1526640
1451756
1490264
1517814
1490540
1486008
1476566
1513073
1552998
1452986
1475807
1437197
1467404
1499148
1459445
1529201
1525838
1449500
1463998
1476336
1439391
1506012
1453893
1500653
1523256
1454676
1469779
1443687
1450264
1499907
1574022
1530388
1446275
1440823
1484242
1429904
1472210
1545502
1462626
1514122
1485689
1432723
1448500
1472454
1423823
1425529
1436064
1403647
1460423
1420032
1410033
1396080
1414887
1425875
1540032
1495960
1604019
1381637
1454246
1429196
1464229
1444161
1489923
1558030
1435853
1424227
1431246
1412485
1429848
1393364
1507338
1431403
1443260
1521770
1464125
1464179
1401234
1431867
1445950
1433523
