1212942
1144026
1049740
1039480
1040857
1029795
1061897
1023178
1038636
1019432
1018845
1044702
1053407
1035066
1044851
1028087
1031316
1041563
1068064
1035737
1019480
1039375
1073888
1046136
1014961
1055662
1039155
1087516
1053343
1006068
1028357
1032436
1032713
1047028
1041303
1026072
1037029
1099226
1087017
1056308
1028598
1093175
1122671
1057471
1053036
1088923
1039307
1035672
1070379
1100012
1046475
1082427
1055515
1035442
1029772
1070249
1046788
1058450
1040469
1093991
1033749
1042233
1111470
1072437
1068633
1122050
1047249
1135486
1070916
1163264
1068959
1028042
1031503
1059119
1047782
1061776
1119259
1132337
1080523
1051642
1043174
1174423
1066007
1029968
1291689
1023505
1042429
1029027
1061889
1019764
1092950
993553
1029048
1032493
1063577
1023757
1090563
1036068
1026253
1068512
