962086
797302
951953
809198
809804
790895
853818
792496
803767
804224
789086
792185
831149
803919
802728
805251
793099
788899
829250
820102
799985
813128
803649
799074
872065
789733
792940
799041
797914
839005
795429
788743
813146
795954
790455
801369
1009296
814925
1028581
797621
802475
842903
802649
803982
815476
822280
840009
812499
869574
834608
794283
975991
815225
839410
854050
952015
806935
809493
848509
821613
801928
835615
805455
843932
817597
809877
821200
809286
821808
820769
830469
816903
802688
860644
815087
811985
785122
806192
847398
806629
802103
828434
1005776
860796
947210
742258
844201
896507
848046
806360
836534
821709
805019
795817
797040
808378
799475
776695
798443
801301
