979684
928018
960196
948928
963659
965820
1000930
1028552
922603
930669
1010087
928784
980172
1037614
911106
921863
918336
913637
981045
949208
1143629
954774
936087
914667
966145
940185
1027513
937086
938237
925115
926888
919783
966607
932208
935840
1018159
934802
932943
951661
920987
949750
915898
937105
933724
930038
963173
946657
1011557
953782
955648
963931
922635
911418
940274
924715
929543
916301
915752
903764
928450
917341
921969
908144
911801
921907
924393
954126
1090019
993610
963686
959026
952232
966259
1033047
976725
943948
1002355
934354
929698
909384
1052754
967054
948688
938675
968064
946031
927937
942579
924606
938429
925300
966664
925740
915580
912892
960016
949112
914238
936741
916494
