1329789
1413609
1323427
1273516
1270407
1289584
1277289
1317286
1576642
1406532
1347908
1324302
1301840
1363916
1391868
1410348
1312189
1294897
1359707
1298961
1300877
1312049
1294737
1352396
1308182
1346734
1274408
1313447
1377187
1343844
1331351
1291674
1299608
1327642
1409252
1345426
1412767
1279936
1312423
1328169
1312630
1300430
1388405
1315582
1300170
1287742
1483369
1465093
1294151
1337999
1304051
1334453
1466550
1294626
1307021
1306582
1316001
1313409
1314383
1304727
1307789
1308440
1259949
1304451
1279178
1247427
1309686
1305990
1314263
1312748
1320909
1262731
1277303
1291913
1314227
1455287
1258749
1278308
1303509
1328486
1284070
1333327
1271526
1319114
1501171
1321913
1310364
1369229
1356435
1462709
1347559
1317953
1310506
1357690
1361599
1349995
1295397
1312180
1314265
1361276
