1199396
1182966
1151457
1141906
1141711
1154191
1136189
1164895
1177621
1129601
1134499
1156152
1121223
1162237
1147139
1172789
1160893
1139353
1143571
1117116
1135796
1124597
1145127
1158401
1128002
1269476
1183490
1139523
1120642
1179665
1126584
1140767
1164326
1223517
1168525
1152900
1155429
1197722
1130117
1123169
1205681
1212648
1134263
1163204
1173313
1301659
1181472
1182461
1216421
1216425
1246535
1175249
1204784
1247969
1166691
1183509
1141302
1211220
1339150
1136351
1176160
1185832
1152038
1160456
1174568
1212994
1198992
1147070
1163055
1428932
1473982
1298147
1314603
1120475
1159016
1197117
1156515
1236795
1218163
1144162
1119427
1151463
1192985
1164547
1153713
1131537
1142683
1139558
1164031
1149840
1155261
1237988
1192564
1153977
1153860
1158026
1154260
1141019
1185408
1145591
