1527102
1958000
1830730
1590746
1532038
1531147
1552878
1612702
1624287
1613863
1627672
1879976
1568243
1593106
1509729
1569849
1533098
1459110
1515163
1583253
1543954
1584777
1583577
1558120
1625351
1561068
1657543
1597686
1558543
1584259
1576508
1556323
1531125
1580205
1593994
1608426
1633644
1669347
1812227
2375874
1860510
1623496
1593111
1618249
1737674
1677043
1586231
1582957
1535488
1552370
1521186
1552788
1577279
1549630
1515953
1568204
1536877
1521544
1562803
1517799
1517731
1479276
1523403
1569953
1502083
1657450
1492550
1506949
1508326
1574465
1537756
1518454
1526478
1563770
1590023
1554939
1580391
1625700
1496926
1541391
1562870
1525088
1548028
1612384
1592763
1641753
1825719
1544786
1551024
1557938
1602147
1548528
1591526
1542888
1548369
1550476
1551874
1518007
1528816
1541310
