683249
687956
737315
873146
668178
674274
699794
676683
679799
681091
692498
674564
699219
676146
698814
680927
716735
683491
672503
696986
731010
699945
678427
689660
676041
686767
675251
672157
676300
679004
682914
681277
683959
756499
677617
715157
675727
708741
688596
696300
702399
702633
689979
679873
709395
694296
747574
690181
685733
686265
688913
683256
678629
676422
676590
686196
685600
679969
695866
677792
672917
674493
675516
678405
679717
683045
696709
679529
680596
678171
687771
711340
673532
761123
697545
688333
669388
678115
775193
684090
693942
728594
698336
685366
707159
693841
678539
676220
674556
696090
687413
673673
681089
677642
692438
707552
685306
697125
697678
677645
