1676417
1830784
1842726
1815381
1490460
1611213
1528145
1468282
1523127
1544206
1486630
1516474
1556683
1701104
1526530
1478296
1534960
1491471
1517484
1524958
1471535
1513792
1543558
1639962
1556447
1617935
1501606
1446451
1516927
1502073
1515533
1517483
1605744
1525660
1573090
1567385
1569135
1521360
1496987
1472420
1550335
1517757
1488469
1531910
1500925
1468487
1538772
1551165
1629251
1487173
1515486
1492515
1482753
1523860
1436676
1443510
1509980
1464216
1476416
1482572
1479247
1515883
1565401
1488779
1451969
1503199
1445292
1485074
1448120
1521501
1521303
1469572
1504491
1464005
1525973
1560347
1515964
1531327
1525784
1489184
1479166
1458969
1490440
1503954
1483739
1459385
1497127
1480467
1473650
1509564
1457941
1488629
1442198
1484646
1495142
1460342
1460787
1490983
1512304
1458239
