3902675
3911112
3867649
3857321
3872812
3838491
3927684
3879877
3825036
3868051
3952991
3898142
3872083
4188168
3920789
3889457
3860204
3930352
3913295
3865749
3834186
3961923
3936218
3961471
3828028
3833726
3872414
3938608
3804914
3860989
3822855
4004035
3972238
3909353
3850375
3850215
3848322
3808728
3840735
3902087
3811529
3841224
3861071
3826060
3832895
3863692
3872794
3815894
3854154
3818302
3849084
3873544
3836333
4000027
3886265
3914264
3850168
3877761
3849391
3870457
3914495
3861659
3872002
3872242
3816257
3862721
3873270
3903293
3882376
3922291
3853884
3846884
3967129
3988108
3881194
4136996
3877991
3865556
3832280
3852640
3837376
3840666
3877975
4050930
3812152
3845436
3882935
3865931
3850064
3831551
3872277
3874065
3866855
3837127
3843540
4034687
3999349
3892458
3860302
4018150
