1647628
1632412
1652077
1651309
1641503
1630601
1668897
1684970
1636393
1685330
1629867
1656582
1640883
1639651
1670094
1649638
1655279
1748598
1628080
1619950
1640835
1676608
1630837
1627494
1662340
1642003
1647702
1708716
1641989
1625562
1630897
1624143
1639827
1617640
1625280
1628786
1642074
1762055
1636233
1618290
1664772
1641060
1645862
1634401
1674461
1619275
1609351
1650368
1679742
1639119
1642323
1626058
1632214
1652258
1662542
1702191
1714742
1668949
1658987
1755194
1649764
1634611
1636364
1644695
1687419
1647696
1610470
1628441
1651949
1644905
1647947
1661291
1648535
1683699
1626440
1618688
1631924
1637785
1623443
1639241
1634718
1619936
1717014
1632610
1638308
1635116
1646279
1683982
1695013
1677688
1683949
1635922
1661404
1697591
1612785
1630333
1687245
1673266
1631108
1651448
