2306427
2278871
2296034
2334850
2304352
2319724
2331738
2395836
2308955
2315960
2293385
2316288
2311935
2344347
2328273
2399232
2346629
2358309
2299997
2385080
2295688
2303398
2356186
2333527
2416205
2282797
2317286
2294766
2286669
2306092
2316665
2310197
2294849
2271759
2289827
2272022
2395568
2319274
2306592
2322996
2288943
2341550
2358685
2310859
2319222
2342058
2314122
2278544
2517181
2314891
2339395
2381006
2288977
2290679
2293643
2316327
2287070
2312344
2365626
2335192
2337560
2285581
2280772
2297496
2293695
2289349
2292000
2367981
2368766
2314804
2334917
2410802
2309743
2283667
2286933
2283897
2283662
2323337
2312751
2454010
2326137
2364154
2355139
2380708
2349658
2319467
2272971
2314643
2512157
2305341
2288067
2291087
2291816
2383954
2288240
2295093
2281339
2324737
2307046
2310529
