3655519
3742585
3774438
3685904
3830975
3657460
3661249
3957424
3682094
3689040
3827103
3646392
3684684
3708588
3780318
3730920
3766752
3669335
3652786
3681294
3807150
3565582
3679768
3927340
3752744
4014803
3630609
3739249
3660268
3676675
3769980
3707619
3702802
3717348
3969413
3694741
3922177
3665554
3866196
3750121
3678373
3707517
3708436
3699833
3728028
3749211
3676141
3811202
3787624
3718995
3838582
3755108
3711190
3682206
3727335
3884775
3682131
3651290
3662953
3781833
3720334
3734860
3843178
3652539
3758217
3661303
3747485
3681183
3805928
3716828
3669117
4060159
3657693
3654319
3684849
3658069
3732174
3683403
3770889
3634567
3750424
3646111
3747734
3765276
3670245
3659371
3627032
3671226
3753054
3681300
3713103
3820361
3663459
3647731
3669392
3671783
3972360
3636233
3699305
3651602
