5081125
5040908
4907926
4859504
4909206
4925716
4933357
5081559
4965322
4853711
4926476
5240554
4869781
4906046
5064771
4939626
4969818
4927891
4891904
4930334
5013597
4915473
4962280
4929273
4912807
4988203
4989904
4871768
4888431
4944652
4991074
4878315
4917933
4882477
4943693
4950585
4909584
5369260
4891380
4905103
4933367
4918687
4601140
4900009
4893812
4917849
4917838
4903200
4903398
4946267
4879866
4871778
4871418
4908917
5244600
4927487
4963452
4999483
4925523
4937454
4899840
4876023
5281197
5019360
4883659
4944223
5160452
5019581
5055785
4962451
4955346
4964670
4983096
4922565
4931038
4920780
4889790
4938617
4970569
5319305
4984299
4946151
4987726
4984976
4892620
4963285
4908448
4941879
4951122
4862244
4911358
4942116
4961444
5024890
4969371
4900027
4924138
4886467
4908714
4980668
