4207529
4273189
4194212
4265013
4230225
4253296
4184888
4193555
4204281
4287910
4274530
4227362
4308977
4169467
4186162
4239958
4229272
4205224
4209529
4152459
4237624
4217128
4292063
4255863
4644935
4246728
4195845
4232113
4202818
4250362
4185011
4257951
4323697
4281520
4208967
4111712
4336086
4201639
4226076
4232510
4185725
4233376
4212526
4056796
4160246
4213610
4364437
4177858
4263306
4246000
4248628
4270275
4194387
4233824
4292153
4194319
4192959
4204044
4238579
4173827
4213581
4308679
4182766
4688471
4767053
4304963
4200124
4269533
4256747
4274290
4342217
4194276
4196668
4183793
4212353
4175890
4242881
4192177
4225434
4173721
4216857
4255967
4327181
3928749
4193952
4275200
4214489
4424507
4269221
4563966
4196752
4306564
4207199
4177107
4215072
4234860
4188802
4281103
4170557
4251984
