3181726
3168525
3104539
3164918
3165963
3113262
3122367
3109604
3169061
3125716
3367439
3141088
3200053
3076616
3128938
3496485
3159244
3106754
3120420
3118078
3273143
3135668
3218305
3141021
3229429
3120858
3125358
3173098
3111342
3125693
3197456
3261343
3127682
3141825
3141610
3161061
3298307
3114924
3182284
3140307
3190672
3108439
3119893
3142410
3104658
3154745
3138530
3130118
3174905
3169901
3138894
3245034
3136713
3217967
3154084
3105073
3129816
3175768
3279652
3112045
3143678
3164100
3127570
3166269
3119606
3122264
3124487
3107378
3125790
3162451
3134573
3180645
3167500
3178252
3114303
3136946
3121821
3126262
3169157
3172715
3388080
3165321
3153974
3100015
3132860
3128216
3210866
3371528
3195054
3109560
3219163
3110989
3141260
3185456
3112061
3130385
3101491
3184535
3125099
3133221
