4054633
4623372
3999448
4151405
4025107
4041958
4073494
4036880
4033744
4135783
4270378
4029152
4151020
4244445
4007652
4008491
4236316
3987555
4021375
4336528
4301870
4061816
3999247
4021469
4313171
4032595
3992968
4040637
3990512
3987571
4043200
4082308
4029770
4005950
3993122
3961293
4033986
4023667
4044863
4045617
4037974
4044358
4109385
4155132
4043433
4022741
4051839
4049710
4029366
4067387
4060779
4097944
4038236
4089223
4089566
4025376
4019959
4171977
3836269
4018285
4048116
7734240
4917381
4503831
4096849
4112288
4039109
4033991
4409299
4034367
4097784
4000168
4022818
4021314
3994274
4074918
4104185
4024713
4065827
3918575
4044598
4166510
3998108
4225547
4076075
4051983
4019086
4036820
4014672
4008738
4014787
4021250
4043023
4077408
4333786
3984541
4113231
4083646
4058597
4103790
