3355188
4273093
3338454
3291744
3299109
3310294
3449097
3732000
3289589
3402934
3392863
3345188
3287989
3304625
3319992
3292299
3379902
3278154
3292329
3408283
3444907
3306241
3326167
3290029
3317480
3317889
3574329
3304471
3329597
3592517
3376090
3294357
3281832
3286369
3275459
3322399
3416321
3306633
3372918
3285192
3378588
3354548
3434571
3397471
3457046
3361540
3331004
3442439
3317812
3348841
3302790
3336965
3423345
3318316
3375971
3332006
3346263
3517162
3361406
3308019
3637776
3323367
3308637
3303128
3367036
3309304
3348455
3375350
3195722
3364727
3300520
3303140
3275112
3397320
3429983
3450006
3298313
3311638
3386039
3338055
3380342
3649420
3306495
3343186
3327490
3310010
3293210
3268597
3301967
3363499
3308360
3553209
3310757
3318132
3327225
3599311
3326976
3264306
3292250
3346666
