2364388
2135786
2128022
2127723
2152370
2161947
2246060
2156991
2125852
2195965
2166100
2163803
2153626
2120390
2177495
2248832
2212129
2120689
2116024
2132058
2107820
2135485
2118422
2138782
2108498
2188101
2127724
2119884
2110361
2178764
2138164
2161968
2264703
2160257
2114482
2173144
2186317
2207546
2163468
2607001
2126455
2121719
2141400
2146113
2176380
2209477
2203630
2148571
2152821
2176597
2145693
2148149
2162652
2167212
2247544
2160758
2095391
2126059
2160494
2140848
2160787
2151444
2161689
2146036
2124205
2216557
2144992
2169297
2173806
2156567
2203158
2139877
2144401
2244341
2161846
2534549
2098934
2132416
2177178
2077733
2183059
2141995
2192047
2154451
2386345
2161039
2192820
2139806
2520252
2145738
2205473
2139820
2148826
2132443
2149103
2148880
2162825
2150242
2153989
2156295
