2650126
2634931
2634102
2671535
2632031
3188217
2622518
2755290
2649860
2696863
2634690
2643954
2604102
2698929
2649546
2697239
2637868
2649421
2643277
2671443
2624904
2641160
2621091
2694555
2682607
2659162
2622281
2664212
2615604
2612197
2650844
2664974
2679216
2626731
2634250
2711572
2611782
2678805
2635764
2615383
2615759
2639082
2624254
2667940
2638881
2710918
2630469
2685959
2700771
2657481
2620868
2658575
2710625
2624375
2621365
2587096
2678128
2673172
2634487
2624061
2608912
2630750
2837566
2640460
2632151
2687132
2626127
2760936
2534928
2654148
2909474
2609413
2665673
2894689
2636769
2634749
2728417
2677508
2611244
2675146
2707363
2624471
2699604
2685900
2856272
2656063
2709267
2715445
2632123
2656145
2657134
2747854
2611763
2642414
2631327
2640199
2663476
2688394
2775545
2682202
