2975829
3021365
2976062
2986186
2948586
2965101
3133064
2986151
2946358
2939992
3007032
2970999
3040145
2987975
2925110
2960667
2966757
2982310
3034268
3074758
2961571
2912920
2964864
2963589
3025408
2963948
2988693
3092812
2939656
2987448
2948590
2940242
2987935
2931412
3007093
3098752
3098418
2955038
2938502
3027984
2891401
2986334
2927744
3017352
3131987
2934499
2958939
3086738
2969335
3018458
3109091
2986134
2990714
2924573
2974412
2959468
2954805
2979682
2957286
2963649
2890204
3022111
2968873
3023480
2957679
2938822
2949225
2935126
2959782
2904096
2954905
2966286
2968565
2956894
3019055
3111480
3031913
2959117
3057676
2987389
2981430
3207101
3119930
2992440
3021230
2954499
2948260
2950177
2993302
2987220
2964761
2997868
2970423
3046251
2998409
3025888
2964739
2952291
2993330
3102502
