1007307
985482
1070676
988679
982891
1029617
1000259
1002734
1024204
1002216
994134
992525
987103
1035175
988417
1004309
988651
987472
1075111
992502
1011844
1028879
998477
1033573
995554
1045915
995598
1010815
987618
989164
1058327
1001159
985487
1059146
983168
1059766
1029672
995416
996498
993792
1024892
1008462
1022481
986000
988762
998020
1018372
978844
990410
1036950
1044140
986068
981559
984923
986975
978035
1032013
989642
991405
1217692
1017827
1032528
1035020
982284
1331480
1009555
1025406
1000965
994537
990768
991019
1005288
983062
997671
1032514
980373
990411
995352
985683
1003850
991419
986307
1011640
989335
997839
994349
985364
986123
988520
1014197
988871
1109275
1011843
982850
1007009
984158
1023311
1009348
1003431
1064571
