849019
834680
847054
829465
835075
851524
865903
913587
834099
842470
883540
853988
838805
850789
828692
904006
835639
849038
834655
835061
851290
889248
843527
961566
864750
862332
852031
1418363
837893
1014281
859719
829382
858938
856783
876368
904644
833575
845414
847613
840755
847036
911138
850723
902420
1048208
934235
859969
840387
868027
839568
921857
912577
857844
848530
883843
845231
893698
838065
845053
833963
870351
841781
833068
882911
853447
834471
929766
853485
837114
1059160
836986
866280
839032
834052
836331
842050
874393
880386
844148
844385
895792
843537
892187
849038
854574
866039
831860
866111
836337
882450
862689
877697
828133
865353
842486
924341
859174
871630
841649
843794
