4683397
4587859
4998088
4784084
4563031
4618643
4594250
4848252
4612806
4577336
4719290
4544138
4622144
4618618
4503688
4675145
4796110
4524009
4671774
4552593
4559118
4624263
4543333
4559009
4573273
4534977
4568727
4531290
4535178
4620471
5108514
4539311
4528220
4562962
4708355
4800682
4554804
4564302
4561150
4609480
4617868
4520434
4580579
4571672
4542059
4682474
4532941
4649006
4584126
4566832
4536824
4552154
4509802
4739604
4324546
4581146
4608331
4532538
4597766
5392371
4572672
4560661
4536251
4615534
4583336
4561424
4709263
4970255
4617904
4591513
4640580
4523303
4529321
4590560
4561482
4530763
4553122
4671744
4576183
4561291
4558798
4655164
4598344
4600070
4553668
4545690
4555275
4562724
4670658
4591623
5113415
4549327
4597661
4519619
4559537
4584856
4514436
4566525
4911905
4512323
