1801273
1796292
1814433
1854392
1795979
1807345
1810670
1801865
1875740
1813307
1817828
2505903
1832022
1801416
1826321
1820190
1730063
1818712
1811552
1833432
1812162
1808988
1829847
1833769
1840841
1857459
1812788
1808109
1804616
1799601
1816686
1812860
1892643
2416730
1909666
2219661
1822256
2406227
1834433
1813095
1792414
1823204
1732620
1808251
1810869
1819094
1828922
1815041
1819877
1753228
1863195
1832139
1936883
1829000
1797002
1803415
1792105
1799096
1867403
1855041
1842522
1812429
1792804
1857166
1818389
1822784
1827613
1813513
1781364
1809596
1798136
1920630
2100441
1845893
1853340
1824499
1825235
1807700
1798722
1817255
1812819
1826701
1827969
1809561
1829954
2008836
1853287
1876677
2844538
1930673
1877097
1825187
1799163
1791771
2034190
1828655
1801963
1853254
1806014
1825810
