4782640
4908295
5026719
4733360
4930978
4870563
4749549
4734957
5145361
4735089
4705506
4744491
4925328
4703155
4812578
5034998
4704560
4704704
5574669
4717510
4736446
5049681
4727173
4775824
4756691
4709938
4768757
4785370
4765996
4690215
5175698
4852117
4713030
4725985
4757473
5028583
5052726
4714155
4715365
4893588
4699692
4703673
4810286
4736026
5012290
4706306
4610868
4721316
4755042
4733211
4784650
4782721
4702893
4771783
4835801
4697929
4562566
4705939
4688013
4740360
4527178
4732966
4708557
4691000
4762963
4742760
4729061
4687765
5142633
4763503
4796173
4851188
4728031
4833797
4750570
4682724
4728242
4727508
4677927
4757395
4743139
4775087
4854384
4798141
4723023
4789808
4722577
4753802
4694052
4824210
4913259
4763802
4698846
4674599
4669140
4841124
4797306
4703939
4761454
4777886
