660890
702039
682834
695056
661943
684215
662019
680383
671878
690130
673754
672783
690743
682867
678872
683293
749818
1135536
1253126
688731
688433
724260
851299
698401
700181
725194
685315
683342
677747
672919
683860
688349
669310
693104
694991
678812
675930
682656
677909
672480
666039
689776
686633
692249
670002
676631
670755
676558
665817
664013
729176
688054
673657
680074
687395
668154
672632
666698
704075
671345
668214
683327
672885
682642
673460
672617
819419
677129
680268
721737
668913
703716
676700
691900
668313
666699
638689
677428
691493
669890
667946
668711
664692
683053
666393
663839
682813
668423
674347
669133
667574
681294
678598
689663
680122
662635
707543
674599
712883
686174
