100421
109021
100656
105537
130450
102438
108196
108286
116054
116772
109631
109041
111957
109579
109907
108984
107151
109880
109110
107046
110307
109556
109723
109499
108829
109731
107432
108463
108605
116601
109236
110080
110258
108455
110758
109298
109151
111433
118453
108362
110718
109175
110982
108754
111363
109260
110244
107184
107642
113969
109721
109723
109303
109592
109781
109775
110363
109970
115432
109148
108120
109544
112076
112773
107433
108699
108323
108480
110846
112617
109409
111580
109478
108885
106997
109769
111365
109116
109377
108353
109089
110891
107964
108097
109154
110971
107987
251753
110650
109534
109735
110086
109600
107933
108912
112827
119030
109707
107211
109424
