2923648
2837374
2784967
2961590
2868611
2777971
2807095
2841923
2861636
2778635
2846445
2885254
2849416
2796271
2882899
2859908
2891479
2920096
2867609
2803690
2830996
2838599
2811791
2828379
2907155
2835031
2906436
2775499
2818316
2814175
2883440
2877028
2850565
2884402
2869518
2854683
2760978
2796323
2856470
2878575
2895036
2866633
2803989
2936940
2824631
2634646
2797645
2886053
2839468
2854039
2891035
2812994
3235896
2851771
2821068
2788192
3232095
2850228
2825337
2844752
2852204
2879933
2856341
2807415
2819826
2824703
2817689
2836349
2818603
2824414
3355825
3062420
2861097
2804613
2848962
2823452
2953538
2777654
2979166
2908040
2814306
2781093
2806753
2860141
2824397
2885544
2849180
2865434
2817560
2890181
2802101
2787572
2861811
2789189
2901593
2850152
3054716
2788328
2919727
2810823
