2532272
2494513
2454367
2456318
2438932
2449900
2435056
2455802
2529437
2506523
2468644
2464775
2463942
2441096
2499664
2530852
2493755
2487704
2434821
2496316
2965914
2559531
2525361
2502271
2521765
2594227
2487775
2688485
2464701
2480267
2483028
2483306
2593542
2487529
2482371
2490954
2496891
2444902
2475800
2464813
2491533
2471248
2466896
2449303
2471309
2525429
2542646
2461884
2465043
2473494
2473042
2540087
2459798
2553762
2498983
2473384
2451722
2486092
2460037
2507702
2499349
2597794
2434891
2528068
2441713
2438073
2477527
2470609
2527800
2468934
2507514
2458903
2470466
2481674
2495195
2453637
2453037
2527679
2522440
2492119
2513625
2512868
2457055
2454828
2498240
2455310
2480779
2765608
2447616
2463625
2438297
2465591
2502641
2449857
2479917
2483554
2496367
2466809
2526379
2432223
