3570934
3544006
3456382
3575126
3617292
3580648
3484965
3545096
3490280
3528138
3469234
3589797
3481469
3484768
3608402
3479102
3494335
3659824
3493693
3570800
3517497
3454383
3471524
3497059
3490653
3556168
3509889
3614895
3504698
3475723
3591236
3473557
3497391
3767869
3499467
3486623
3505914
3588339
3553620
3485127
3509941
3537645
3522238
3489025
3502608
3490325
3479703
3470172
3488492
3475926
3486987
3468400
3415393
3562632
3514810
3549035
3524400
3491459
3645193
3503209
3498118
3550847
3510849
3496275
3512731
3508210
3458451
3619913
3506761
3462037
3495053
3499693
3664272
3730675
3453759
3632314
3521822
3519692
3492698
3550971
3534531
3492349
3562765
3533919
3516062
3508153
3343156
3475766
3510323
3557835
3599837
3522042
3540699
3512667
3613235
3516818
3489625
3611405
3488745
3489811
