1487895
1533764
1586484
1487750
1460580
1504573
1505370
1484177
1477882
1470049
1470864
1523971
1463226
1483985
1479519
1509420
1468280
1466496
1467067
1487083
1485931
1466356
1458283
1479282
1474357
1467912
1466741
1473182
1483387
1505390
1475331
1462347
1478379
1511731
1470162
1465406
1491284
1470631
1467602
1470728
1464950
1473846
1448725
1438983
1467279
1451192
1476016
1479998
1465621
1523526
1465787
1458593
1489692
1465314
1475856
1451765
1466456
1490027
1646185
1483754
1468900
1464520
1471861
1470039
1464470
1459942
1478548
1498807
1468390
1499050
1531841
1515970
1461070
1537634
1473838
1495645
1457898
1468657
1461431
1502558
1498164
1784298
1457074
1462565
1465222
1498949
1562958
1452948
1470341
1469196
1465190
1452988
1459915
1457866
1598532
1494010
1456617
1482609
1488015
1454098
