1401174
1371050
1307336
1296690
1391083
1297020
1314436
1301463
1317224
1324053
1298981
1310468
1387532
1307830
1295622
1331259
1301918
1306008
1284436
1412250
1294397
1308697
1319568
1316151
1301281
1304576
1321841
1301069
1315090
1319171
1344660
1294520
1308785
1335420
1296051
1309541
1329711
1337492
1305266
1310227
1374674
1317426
1307347
1301042
1350046
1347778
1297915
1346325
1300855
1315281
1285525
1363547
1316387
1323370
1303261
1625650
1310837
1310443
1357515
1323793
1302392
1319777
1470606
1719231
1308444
1343639
1313567
1324972
1409452
1290117
1333994
1314536
1314911
1694150
1309629
1470374
1459728
1340440
1360992
1373960
1328569
1365909
1340443
1330001
1357248
1321396
1299838
1302432
1308600
1394148
1300834
1328500
1336259
1356503
1686337
1355887
1340157
1332958
1317030
1305635
