1174908
1189873
1180065
1141493
1186527
1145071
1156382
1165901
1150919
1155369
1148519
1152126
1165406
1141431
1137821
1133155
1167656
1139772
1135774
1162412
1155839
1140523
1152500
1150838
1140462
1176703
1195229
1164785
1137372
1151768
1144639
1161941
1146971
1146683
1189396
1141383
1151110
1148507
1153597
1142638
1144504
1147430
1097215
1149508
1155403
1195261
1149256
1168313
1132668
1098316
1148225
1071869
1209865
1129855
1148252
1159122
1141004
1144242
1191893
1158124
1168125
1250587
1168001
1135124
1145328
1161549
1165473
1174731
1177523
1183351
1149191
1147325
1167655
1149542
1178478
1150919
1137027
1197633
1139408
1146652
1137839
1129969
1188176
1368540
1157376
1155255
1138647
1146936
1195593
1222295
1143633
1147894
1161967
1143007
1170857
1178518
1142710
1143957
1171101
1142402
