4367523
4424903
4427480
4363609
4111108
4212088
4395297
4268891
4525070
4344545
4538333
4352064
4526702
4360955
4807958
4389986
4388871
4400715
4419233
4360823
4892206
4592030
4534500
4401325
4361084
4396023
4379916
4163379
4331794
4666242
4401368
4418937
4423838
4425958
4402725
4401943
4355405
4430300
4463601
4369504
4347207
4441391
4480105
4625260
4529848
4407085
4417183
4376596
4593448
4281408
4334701
4327586
4395507
4682124
4407522
4372774
4358430
4498959
4458301
4375965
4340456
4391115
4467501
4376733
4369845
4344177
4526506
4563110
4428641
4449900
4564649
4413752
4428705
4395872
4417068
4925672
4735637
4447743
4346581
4756505
4357467
4440179
4466109
4391830
4342355
4529942
4382684
4396316
4400425
4645969
4390411
4420188
4359911
4412339
4380590
4388914
4411897
4428663
4374078
4458760
