522216
526086
530956
528485
531781
525913
525181
518381
521498
521629
527362
553408
515937
526437
527038
547367
518915
531911
541584
530117
525348
528373
573051
531879
521159
535777
525565
527476
583494
547275
516692
527739
527488
523923
529919
535113
528199
532225
536489
527077
530015
518808
547693
523765
521352
538222
525891
533109
545415
521069
520176
524172
523899
525817
528348
529440
531671
489567
530231
520159
539680
527794
560798
534744
530561
533157
545964
519716
558125
667320
617503
560527
534431
494699
525519
553825
519075
538784
535780
523100
527405
527413
527051
522119
529725
523465
537710
521864
524968
538056
530989
523093
523295
521690
542154
549926
525196
522147
536766
529935
