380159
376675
379438
386958
378432
375685
379974
357250
379320
388800
373235
376867
391423
373257
382428
378955
404020
390867
470016
408086
406398
375923
397437
379311
395102
389404
378572
375770
381054
381665
407504
379656
387453
422624
378215
377648
377480
376986
381714
387669
378238
379963
383474
446977
379441
400212
387385
384628
392332
391599
381162
377963
378690
384909
391287
381598
397835
380748
379443
379817
388797
374865
379283
382051
379272
378034
376652
379298
374703
407824
381958
379145
386415
378936
374953
399581
398052
381041
381166
395721
377599
382580
374132
383430
434610
421915
389086
391474
487104
376583
411094
386825
378517
460448
383106
380485
390598
414696
383139
398592
