233279
229495
231705
231196
246424
232742
229142
234641
230918
231232
257101
232505
234510
251522
244535
234153
249254
236004
236788
232407
238325
233982
238567
232681
232569
236231
233150
246852
232043
247335
231759
232342
240934
235058
249013
240578
234390
242702
232693
235627
232589
236809
233824
230583
228652
237465
241502
230282
234792
241053
243403
235234
232816
231059
246955
233749
240307
231388
248865
234753
235526
235469
233296
241970
238880
232149
233825
232597
232086
231448
231807
245296
233260
242613
234384
230808
233646
232980
236742
236669
235219
229573
230547
232836
230716
238420
230989
233080
231903
233083
236287
231406
237616
232006
231272
234833
234924
230004
230211
229732
