1954651
1979464
1978554
1968074
1988699
1988007
1968389
1969923
1982354
1986651
1980220
1965127
1975476
1960963
1952909
1955168
1968590
1956564
1984403
2104603
1988215
1973160
2003407
1990671
1988311
2008507
1963500
1966077
1964783
1953003
1987855
2003137
1970119
1953016
2001079
1958053
1977377
1849170
1965745
1962044
1992305
2481791
2146686
2271370
1992021
1965314
1945931
1957608
1943639
2108404
2007559
1978924
2149083
1949966
1951128
1961194
2000457
1990872
1983254
1986311
1961718
1975832
1979256
1968878
1982155
1983739
1972378
1970648
1965561
1984444
1985713
1980257
1950454
1962091
1947065
1988250
1965210
1995731
1977483
1994517
2005307
1974821
2024758
1954843
1962116
1956833
1951547
1955941
1989720
2033751
2012029
2042134
2031614
2027659
1995081
1971437
1950852
1998006
2003576
1959219
