103756429
103026356
102264041
102519948
102060714
103969770
102485342
102919756
101961173
102398802
102666226
102958075
103306988
102285860
105088612
101556016
102796339
102324684
102746239
103933229
102523533
102413726
102639571
112272186
102522289
103679173
103354093
102794837
105099128
103020577
102104223
102773158
102428145
102149544
103053559
102848419
102965597
102550896
103300465
102128617
102958409
103333125
103524578
103145589
102378203
102554140
103319393
102919477
102550792
102769024
108607430
102804811
102167152
103029920
102655972
104593665
102691187
102066013
103280026
102857560
102010258
102184809
103409971
102037281
102492869
102453781
104491299
103229776
103021816
102318802
102653551
103793160
109090660
102335162
102812053
101505567
103436315
102918780
102674262
102454755
102419960
102750516
103531810
102561797
102346801
103821089
102086931
103339399
102796338
103978749
103256069
103012961
102415975
103835512
102548390
102542421
102802660
104054794
103196284
104453134
