117347088
118223701
122596280
117844072
118452197
117902505
117875253
117441735
118789623
118075601
117348572
119238498
118916959
118706531
117921582
118206814
117278689
117990065
118894714
118535479
119386366
117897898
118914016
117724656
119268647
118378849
116834996
117507911
118787840
117881054
118347127
117070459
117770776
117478047
117602517
118807501
119163126
117748522
119390840
117671430
118251341
117505147
118707577
118250325
118183751
117382987
119132251
116661163
117610648
117730918
118720297
119041333
117754544
118350525
119977483
118124392
118587351
119190815
117935013
118529666
117334845
118392563
116786004
116141121
117168971
116879246
117328831
119094146
119006654
117049303
117263691
117900480
118578353
117157296
117324586
118418410
117958179
118506455
117482883
118791862
117721793
118764877
117308616
118327252
117380534
117325553
117221260
118602713
119816445
117316768
118298778
117439613
117886005
117232274
117159607
118443911
117265564
117522186
117333422
118276761
