19664307
19621789
19822360
19536357
19672715
20057743
19289378
19510597
19076123
19205744
20185758
19228512
19711645
19405122
19705412
20029006
19470781
19253767
19604455
19910512
19588772
19407939
19424426
19859973
20344153
19965620
19812504
20463241
19511967
19606373
19936587
19389571
19712635
19525253
19914022
19643924
19605855
20634460
19709910
19160870
18794833
19099007
19567468
19441978
19517543
19543974
19783893
19660398
19517358
19598173
19539478
19966006
18974122
19552779
18865565
19454563
19359603
19650719
19296214
19603274
19448794
19571253
19348015
19393033
18822912
19721878
19557663
19866059
19968458
19404106
19711158
19515750
19645554
19685210
19701162
19914292
19553229
19556296
19416800
19565941
19488221
19348298
19883175
19502495
19680966
19561297
19658921
19426808
19064947
19429409
19327940
19711218
19697372
19724329
19980182
19792467
19143677
19800319
19450887
19690842
