52825252
52259231
52566170
52392220
53645741
52439091
52470137
52872986
52613024
52700551
52490947
52475780
52632060
52866878
52379124
52980247
52753275
52475457
53416727
53062194
52774696
52795416
52676113
52769387
53325645
52278272
52626055
52368997
52485369
52580665
52833639
52536171
52633154
53329939
52362348
52745743
53428405
52572558
52698467
52485702
52567939
52747357
52985728
52760565
52723874
52510504
52464923
52589361
52715984
53276633
52781816
52464365
52775358
52525987
52976675
52573045
53095729
52883977
52221587
52682728
53505979
52681077
52512207
53097878
52598809
52560725
52806856
52474656
52915935
52613870
52607692
51909233
52487090
53074593
52330863
52729373
52880933
52211730
52724255
52864266
54145070
53217958
52382432
52416588
53558304
52360902
52733913
53022512
53183163
52499423
53550517
52344922
53091859
52752728
52832299
52697599
53436950
54530365
55467613
52747432
