8863081
8919754
8575967
8899546
8846167
8527135
8879433
8884383
8865545
9238955
8852758
8888532
8933804
8892282
8874384
8754910
8970674
8889227
8974788
8873400
8995361
8941506
8888552
8897791
9048457
8848459
8901876
8945704
8836515
8882357
8824351
8939645
8896604
8860712
8834942
8856594
9122668
9107736
8855121
8965085
8852751
9040736
8818269
8848003
8858823
9061182
8926959
8941478
8829437
8862489
8838269
9093898
9010938
8850428
8775475
8765499
8904697
8831752
8943366
8911302
8846923
9120863
9064111
8915324
8947788
8897311
8867487
8879091
8860826
8878897
8866483
8817035
8990518
8916330
8890594
8845397
8817028
8857577
8899255
8897348
8929423
8926954
8862829
8700163
9166443
8826125
8838445
8836122
8905915
8845052
8833193
8860057
8905804
8890477
8996866
8971285
8958852
8957009
8929171
8482932
