1145479
1195672
1243477
1150582
1173030
1191454
1176872
1157872
1173864
1192495
1147502
1180831
1178088
1180798
1215445
1186123
1181931
1305593
1153432
1177721
1167608
1165289
1153235
1157371
1161632
1166112
1199373
1165968
1162233
1152233
1175380
1174855
1161753
1172252
1188104
1201707
1157367
1177597
1158760
1159904
1166315
1186588
1166600
1187317
1375309
1156121
1233285
1166718
1156406
1223834
1176806
1159512
1234033
1160190
1170517
1569911
1222595
1270483
1170034
1303156
1227960
1183179
1272180
1274073
1160551
1232861
1200408
1158591
1172117
1460670
1187532
1163695
1159542
1178379
1153249
1170276
1159618
1161218
1074313
1157514
1157149
1176375
1170083
1180163
1163232
1184273
1162150
1171243
1209346
1156985
1183540
1158882
1164977
1160346
1188541
1153475
1154571
1157588
1159080
1193349
