82530196
81836459
81258197
92398607
83610194
81707764
81999436
81779998
81492969
81714631
81711161
82309404
84660968
81932773
82122488
82350770
81134050
81851722
81728055
81886921
84197095
81869734
81986840
81190440
81725216
82180055
82615719
81372348
82605808
82190234
81901780
81486941
81484210
81210789
81721554
81902566
81548068
81854319
82154104
81428622
82118252
81917648
81818342
81405396
82314928
82239530
82276261
81638181
81157166
82274217
83041946
81830861
81641190
81841188
81540800
82083818
82930235
81757861
81771096
81984471
81926255
81924290
82709298
83093640
81601724
81507762
82303088
82726595
81689945
81718003
81216119
81638588
81184320
81774493
81671522
81608011
81285181
82370123
82084928
81849936
81650224
83124392
82024286
82164847
82153282
82299581
81760636
82148617
82117490
81661091
81781723
81957770
82395418
81830653
81228620
82584813
81487430
82221151
81444509
82292871
