30763374
30086584
29852534
30657117
30200780
30155753
30223191
30446872
29627757
29938263
30093699
29832925
30060780
31988924
30398769
30380263
31208466
30386602
30181837
30344535
29673757
29973232
30255134
30104915
30361716
29767717
30635987
30495084
30172543
30128042
30816890
30518156
30047416
30386573
30087181
30359587
30659496
30705434
30277272
30251529
30093709
30140082
30352235
30184970
30488176
30134249
29848858
30827263
30335729
29899510
29996410
30812124
30069604
30148713
30443916
30431985
30079469
30424504
30264029
30502566
29890570
29700159
30253684
30431033
30099841
29848985
30174386
30233843
30212119
30005968
29812448
30389107
30160826
30450969
30700120
30070011
29830922
30359922
30414342
30257186
30002947
29999299
30469432
30073471
30031851
30490747
29626444
30249196
30003650
30206837
29915919
30013347
30082119
30135405
30073468
30630036
30035793
30049235
30103574
29781550
