26688094
26530902
26383879
26074424
26478619
26332651
26253542
26230511
25949215
26852021
26146891
26083071
26488749
26442932
26180853
26348863
27043327
28229451
26485422
26540737
26777188
27054343
27502659
26648014
26320925
26428628
26538360
26866585
26259980
26337496
26265258
26302382
26192775
26434129
26353568
26549339
26123396
26282290
26518298
26223999
26775526
26131975
25954848
26520990
26669043
26388339
26508189
26229751
26386704
26788554
26343552
26062794
25759949
26328967
26256966
25996862
26318720
27115703
26729068
26515742
26235103
26227163
26602000
26452268
26665596
26421014
26454232
25923056
26708726
26387659
26087669
26356283
26979739
26801845
26211405
26817318
26483790
26664378
26211999
25790529
26594107
26393704
26631976
26327655
26868660
26631354
26100574
26110576
25868986
27996797
26298654
26967928
26579177
26519827
26434504
26381236
26253266
25968885
26243021
25814607
