69844947
69870916
69226774
69129770
70507726
69597916
69668689
69272430
71138498
69368529
70144846
69195192
69838355
69141701
69991286
70447257
70244505
69546492
69702723
68824302
69910318
69065163
69379437
69374915
70105912
69143282
69240073
69502756
69128354
69736440
68715855
70137424
69044736
69088708
69514780
70058234
69597613
69366579
70947757
69912982
69802352
69118771
69215473
68942345
69856479
73242265
69283995
69422271
70141145
70141379
69343487
70688116
69372931
81949929
69086180
69581790
84777853
69648238
70859216
68838248
69423837
69496395
69570950
69551210
69193432
69784349
69089068
70780888
70696649
69619516
70355969
68939735
69263501
68701361
69148799
69495466
69050593
69036043
69436134
69451675
69754149
69679992
69863801
69500577
69174705
70575164
68873973
69029614
69116980
69624119
69338637
69414940
68911134
69210528
69227311
70267461
71537896
69267270
69613099
69637602
