63440940
64182463
63763578
63517405
63260275
63639364
63876704
63534261
63716321
63484985
63400380
64026733
63299915
63421042
63404517
63200160
64623584
64452974
63536199
63431163
64206708
63748421
63427761
63767234
63977059
63494982
63967206
64304220
63261311
63214748
63901976
64037484
63875846
63544323
63111486
63585052
63346573
63682166
64105380
63600547
62414823
63637716
63336132
64188274
64858853
64302680
64125797
63488482
64458692
64193571
63544616
63155337
63673959
63540228
64838041
64481045
63685195
63866454
63602527
64551128
65676594
64179013
62913177
62840043
62555942
62862675
63673750
62939845
63761734
63527181
63575842
64280910
63986607
63398875
63900327
64250586
63138291
64075157
64066299
64465566
63496600
67307389
63721510
63696278
63191949
64183213
63890494
63646240
63929622
63721167
63447951
63420853
63468891
63428381
63292137
63732190
63684830
63834476
63443406
64243492
