42955760
43084095
52887736
42759363
44138592
43517262
44176188
43809688
43201484
42863341
43803014
42819273
43074363
42448513
42638821
43078933
43062397
42869457
42883935
42336496
43163349
42600986
42853736
42784575
42695081
43410620
43057965
43089035
42816451
42758810
43138791
43248270
43047353
43205561
42970993
42575306
42343914
42832351
42806360
43334308
43433325
42720805
42985741
42987771
43089842
43360010
43013048
42782790
42889797
42987302
42980342
43286889
43168833
42636856
45066033
43185868
42692320
43105899
44108546
42454950
43276572
42522477
43028703
43153730
42909535
42723496
43345803
43134125
42761514
43020925
43191017
42874999
43179245
42581568
42839610
42798911
42963396
42542003
42626597
42964827
42688077
42445524
42799393
43044808
42614876
43828342
43051244
43456928
42834308
42526030
42906539
42808022
43185598
42634622
42680084
43354132
43572589
42591992
43558178
43922179
