75337386
75705555
75258784
75340554
75582630
75094349
74974554
82175951
78334581
75626039
75108775
75437317
76549271
75466045
74317873
76846299
75448228
75331448
75065674
75618731
75204704
75014733
75871165
75594044
77393095
76130859
76866924
75499332
75775222
75540474
76116258
75711831
75775254
75673315
75462640
75614076
75734430
75276423
75337279
75555841
75578163
76377337
76026171
75636163
75960342
75411522
75809337
75961403
79443970
75691664
75617497
75367793
77039196
75292140
75472419
75553225
75464443
75675670
75048836
75373868
75410067
75014510
75009002
75465988
75364228
75479087
74575675
75565681
75169461
75387056
75070666
76022040
75153781
76460254
76072941
75425592
76310869
75620182
75450323
74347446
74980750
75136163
75625139
76522231
75618187
75596787
75639105
75230174
75512613
75714966
75751306
75168980
75219216
75571709
75715673
76308278
76495640
74862032
74800212
74468343
