5157359
5724251
4991569
5027392
5469355
4992477
5012744
4962260
5022942
4978742
5064379
5058297
5038113
4944881
4927892
4989224
5025263
5006750
4997935
5038425
4965684
4975927
4957982
4980491
4990424
5055376
4967448
5012224
4955190
5148512
4997859
4932591
4993634
5282791
5060543
4925329
5090184
4975023
5050661
5066588
5069050
4984465
5037855
5135418
5108934
4956860
5353213
4933201
4979984
5003153
4940983
5101851
4944603
4947484
4943392
4964426
4912007
5032942
4933312
4942646
5001583
4981765
4598534
4933055
4933993
4924744
4909541
5146491
5128078
5189510
4957827
4978962
4972502
5317795
4975736
5015485
5081250
4921563
4969540
5015389
5186291
4977054
5059776
4928029
5244311
5048319
4830303
4926523
4930363
4933290
5031674
5276308
4928236
5126893
4941641
4782028
4993894
4920703
4961946
5024223
