11292185
11266472
11183534
11297551
11159659
11251834
11136230
11286087
11292169
10862555
11001770
11249110
11312834
11175617
11254182
11317287
11103083
10735752
10918359
11419064
11449415
11356797
11281196
11187102
11220652
11102537
11216896
11216102
11209873
11216344
11251829
11209282
11435053
11257531
10920932
11045695
11078834
10752042
11232373
11454751
11308413
11198051
11399536
11255409
10933683
11222532
11253626
11488789
11196747
11112595
10976148
10669541
11400388
11396510
11312240
11201068
11275087
11174612
11181811
11204233
11244537
11481671
11217396
11215583
11198672
11233106
10964885
11193516
11101308
11303676
11257217
11450484
11405733
11421958
11264639
11478637
11333495
11398871
11315187
11280605
11387104
11186625
11337595
11188699
11259730
11218362
10909828
11144983
11285520
11235104
11588498
11383400
11326393
11096905
11415881
11393503
11335969
11232549
11307338
11536256
