14107876
14007375
14007550
13613632
13999769
13942712
13625561
13733240
13783291
13608601
13892782
13822787
13532934
13580260
14090833
13770675
13766261
14444578
14326461
13808728
13916515
13833397
13784049
14030028
13787322
13828454
13848000
13761932
13688084
13629852
14925318
13811045
13983610
14030628
13988814
13903334
14332377
13748516
14167018
13716763
14379230
14314431
13850036
13860044
14471962
14050687
13604632
13701799
13850851
13989705
13833564
13570479
14077672
13867715
13443243
13695052
14293712
14093085
13840245
13807940
13597500
13654877
13774867
13554436
13611093
13755744
13283583
13810510
13785969
13676051
13848511
13847112
13863266
14071089
16562118
14107397
14235504
14334002
14164275
14161143
14368229
14371832
14140782
13666365
13933497
13626696
13712360
13267125
13883474
13829282
13726275
13954435
13412766
13626226
13761232
13800245
14161238
13745186
13802944
13957937
