6791408
6819628
6839619
6788703
8174835
6752300
6775715
6801580
6931410
6963984
6784647
6785532
6778881
6776031
6791228
6724237
6727188
6807862
7016064
7021734
9345395
8486166
7169814
6778869
6753818
6965053
6804315
6732094
7114209
6889484
7319513
6747875
7772816
7013788
6801632
7689800
8061086
6859760
7373110
6890574
6994906
6855353
6856924
6769010
6752431
6848037
6753695
6800802
6837893
6720066
6821967
6758187
6780740
6725881
6800555
6794804
6736836
6778562
7269690
6846272
6740763
6847709
6714912
6738086
6731104
6742227
6743466
6770212
6745078
6820908
6742118
6798095
6929391
6761974
6792405
6755697
7070745
6758430
6884087
6879205
6831186
6745707
6765832
6740353
6862531
6710060
7082401
6727670
6788579
6832531
6712766
6752688
6818092
6888110
6712866
6740113
6546643
6733713
6751221
6740432
