22793896
22754099
29419406
22608530
22862479
23043243
22901194
22659864
22766769
23089360
22867460
22539078
23035298
23172844
23123607
22837008
22645177
22721212
23201539
22961260
22587473
22938053
22662407
22589178
22932676
22753086
23090223
22811500
22901481
22869274
23004316
22922354
23069928
22942229
22911937
22669300
23249912
22909872
23410389
22661570
22650069
22669922
22527215
22861615
22396638
22721491
22653084
22228906
22680955
22798611
22682967
22928933
23018456
23255697
22655329
23306884
22855953
22574004
22814590
23014525
23048333
22749776
23276066
23034088
22652608
22646378
22801484
22693656
22743377
24022190
22687280
22874538
22973171
22531142
22738330
22771635
22606407
23085018
22698965
23230432
22713314
22661703
23018340
23579618
22929443
22727855
23208965
22317679
23096276
22693286
22947533
22619678
22714071
22663397
23705259
23365625
22750394
23041071
22820609
22793925
