110273785
109283591
109559868
112615574
110239694
109734895
109812634
109537477
109860607
110642664
110683373
112076480
111004112
109639873
110133119
109334289
108720755
109577197
109159378
109244842
109707206
109290784
109927459
109850986
110129135
110057922
111260801
109454707
109964755
112100644
109652386
109591292
109660632
110396797
109630365
109829858
110760523
111387224
110978757
110955579
110036943
111074576
109986357
111904856
110011743
110234935
109466056
109862752
109751126
110099796
109333373
110907074
110961640
109781216
111291410
110864464
109910680
109420992
111879555
109073940
110692785
109321310
110685207
109359918
110350748
110130196
110379408
110568017
110044695
109596549
110845197
114147478
109557975
109665463
109404274
110621254
111178862
108976784
111120198
109588021
109932610
109957093
109602554
109988513
109431902
109545512
111496405
109158606
109359751
110176521
138532516
111392853
109660887
110967016
109286457
111097373
109058380
109632295
109883835
110071745
