34469167
33859921
34483201
34386706
34147238
34172889
34375292
34348737
34323827
35180056
34456764
33912293
33674177
34460095
33864198
34166011
33983504
34200225
35748239
34645028
34897785
34353186
33949754
34399773
34099518
33838642
34519022
34102514
33909871
33433576
34243475
33852155
34102597
33923765
34038218
34237008
34350372
34149188
35446954
33981160
33906202
34572557
34382848
34109519
34311378
34083485
34527089
34110172
34753660
33508556
34374730
33672173
34237659
34545134
34060629
34289257
33786505
34282276
33644656
33932077
34368212
34028007
34184038
34171668
34040215
33796496
33834280
34145461
34094088
33833998
33928177
34101778
34126778
33805283
33725020
34007190
34118281
33976151
34338480
33890777
34299903
34074631
33956775
33876847
34121662
34198328
34421605
33925336
34197635
34406918
34152141
33908531
34141066
34304900
34310406
34388141
34182536
34163437
33937528
34016808
