513979
500596
526236
501107
497382
496560
502979
497587
502163
499024
497490
502718
500951
500331
500855
524128
507178
539005
498408
554319
500262
496669
500306
500302
515858
502821
503049
504084
631408
499168
501010
502762
504695
502056
500345
500187
499270
497911
543685
501579
499148
496874
499156
502401
499567
498553
517027
522994
530347
504980
496256
501627
501913
558058
499587
500798
504217
512761
500698
500653
502622
498354
509276
500006
498562
503583
498086
497475
546732
500206
511469
500726
503170
498537
523123
536283
497053
500912
499554
501480
499763
520523
508414
497028
464573
491884
466994
500328
524770
506420
544918
504014
499329
501663
504242
510128
524752
520999
509994
508307
