16368251
16682726
16580688
16450802
16293407
16233115
16668492
16228323
19983143
15962832
17843654
16570302
16552109
16386910
16719208
16907413
16414137
16683212
16562736
16428805
16692885
16358532
16548425
16038651
16628855
16453874
16379173
16988133
17307193
16831704
16512695
16670864
16605522
16637056
16802437
16395627
16531811
16875104
16492817
16366959
16254906
16219559
16611339
16754791
16970238
16624599
16827530
16758787
16417036
16538870
16779039
16861474
16452536
16279905
16291241
16739993
16535347
16330765
16585902
16407700
16449728
16649833
16139244
16261939
16763248
16445978
16287265
16851501
16734697
16689741
16675912
16403739
16769067
16520008
16607547
16330879
16262450
16514022
16931728
16936108
16385834
16408798
16393102
16430689
16455940
16831037
16688294
16574199
16707721
16533821
16444142
16541837
16458322
16711064
16193468
16797994
16806913
16497366
16519143
16312207
