39507571
38737487
38494196
38249441
39179317
37948044
38170501
38112153
38376799
38222500
38286009
38286297
38452372
39654141
38377442
38494889
38185661
38730345
38583271
39415049
38321663
38254564
37993770
39610635
38610229
38880740
38730135
38682310
38094901
38681006
39031001
38607239
40146235
38288777
38163326
43230701
38396326
38178306
37713693
38036466
38536676
38318281
37951986
38354033
38843256
38252377
38449186
38212091
38295310
38257168
39186931
37952072
38205674
38448621
38495357
38670336
38320144
38766770
38548024
38310628
38895052
38173962
38859583
38930278
38997363
38545572
38230531
38313761
38577825
39393307
47419514
38487640
38708034
38539286
38435617
38578925
38509910
38180456
37818638
38211681
38543598
38323768
38263385
38923890
38070764
38146110
38384465
38579932
38906026
38512027
38398991
38749355
38592504
38669332
38770484
38897837
38362818
38161092
37839090
38987424
