3384311
3419861
3406872
3415743
3412888
3409344
3393384
3384438
3512747
3439522
3396428
3418932
3423669
3496310
3425096
3411512
3387707
3391566
3565924
3419803
3460907
3418500
3419943
3403815
3391209
3507845
3460028
3419362
3391215
3577802
3399613
3629541
3392894
3393851
3419563
3441422
3396226
3455026
3434051
3381608
3404355
3414733
3533846
3412167
3453266
3314050
3400293
3410532
3650769
3330338
3567736
3395815
3385117
3412832
3442706
3461485
3535450
3407177
3534279
3391316
3403143
3410268
3440012
3491936
3429547
3417121
3462264
3443030
3414938
3755781
3392285
3396174
3414079
3623833
3387917
3882026
3411914
3448772
3434294
3625055
3431880
3537271
3888512
3531197
3401263
3425386
3470676
6084701
3813826
3958876
3544183
3453316
3663744
3477737
3514953
3459544
3479448
3453053
3487185
3509560
