2157864
2154511
2209832
2285874
2162711
2138168
2146367
2169268
2153884
2183905
2148309
2141647
2176698
2151234
2171304
2172947
2136687
2199163
2135748
2716718
2129957
2181562
2164729
2188345
2143098
2112730
2074019
2174393
2276033
2160967
2169209
2147538
2035861
2140383
2155528
2236238
2154189
2153289
2488767
2202173
2161441
2187634
2144994
2135562
2143147
2166578
2165339
2170114
2184525
2149294
2153826
2154731
2168671
2192588
2147478
2201270
2144056
2152482
2152373
2155084
2162946
2149749
2221238
2169142
2154326
2130595
2214754
2151479
2154603
2156304
2165660
2132275
2190977
2136970
2160994
2158850
2147238
2154104
2150554
2155481
2180770
2133959
2288873
2148406
2153689
2133397
2137114
2158058
2221769
2190865
2213384
2166644
2170056
2215851
2207442
2177777
2163201
2156599
2219015
2175314
