95523407
95115018
95703641
95339801
97376247
94997684
94961003
94215890
96093988
95398918
95161696
95035819
95992639
95183110
96058532
95703338
95314788
95252860
95910934
95410594
94622315
95574208
95421950
107007285
95907273
116684322
95664081
95515107
95064226
95254713
96014796
94839649
95335595
94973094
96221891
96183744
96239558
95311047
95657729
95447627
95621768
95392737
96098082
96713147
94992143
94796277
95452466
95516747
95321976
96152721
96433337
95989062
99531540
96131955
94767021
96275924
95714838
95103451
96272007
94848364
95243476
95764590
96150466
95345865
96490537
95639524
95679433
95551644
95431744
95759896
95867045
94994712
95156190
94789242
96125890
94649253
95409858
95118275
94869703
95332926
95567371
96633881
96895502
96279814
95112108
95782372
96454369
95044465
95661814
95354393
94964460
95467098
95911835
94729137
95913624
95312889
94706349
95489849
95025665
95018225
