100 138298,85 25930,29 381038,00  100 graphics/selection/selection-100-100.txt
200 507542,90 19102,28 631408,00  100 graphics/selection/selection-100-200.txt
300 1188559,98 61117,45 1569911,00  100 graphics/selection/selection-100-300.txt
400 2174634,56 72299,19 2716718,00  100 graphics/selection/selection-100-400.txt
500 3494394,40 283557,56 6084701,00  100 graphics/selection/selection-100-500.txt
600 5020456,38 133623,67 5724251,00  100 graphics/selection/selection-100-600.txt
700 6913744,74 387184,49 9345395,00  100 graphics/selection/selection-100-700.txt
800 8895198,15 107954,66 9238955,00  100 graphics/selection/selection-100-800.txt
900 11233030,07 165605,86 11588498,00  100 graphics/selection/selection-100-900.txt
1000 13912242,19 377317,40 16562118,00  100 graphics/selection/selection-100-1000.txt
1100 16597966,64 426887,81 19983143,00  100 graphics/selection/selection-100-1100.txt
1200 19586984,19 306808,23 20634460,00  100 graphics/selection/selection-100-1200.txt
1300 22934192,40 707037,83 29419406,00  100 graphics/selection/selection-100-1300.txt
1400 26449932,74 386635,83 28229451,00  100 graphics/selection/selection-100-1400.txt
1500 30232555,48 337595,44 31988924,00  100 graphics/selection/selection-100-1500.txt
1600 34172761,75 345577,65 35748239,00  100 graphics/selection/selection-100-1600.txt
1700 38653802,56 1079348,64 47419514,00  100 graphics/selection/selection-100-1700.txt
1800 43130220,11 1070989,17 52887736,00  100 graphics/selection/selection-100-1800.txt
1900 47836611,54 480035,21 50418177,00  100 graphics/selection/selection-100-1900.txt
2000 52795085,37 481046,96 55467613,00  100 graphics/selection/selection-100-2000.txt
2100 58725513,72 4323895,78 98654120,00  100 graphics/selection/selection-100-2100.txt
2200 63761664,79 609498,12 67307389,00  100 graphics/selection/selection-100-2200.txt
2300 69906911,57 2042448,72 84777853,00  100 graphics/selection/selection-100-2300.txt
2400 75698814,55 958069,21 82175951,00  100 graphics/selection/selection-100-2400.txt
2500 82084398,17 1188070,35 92398607,00  100 graphics/selection/selection-100-2500.txt
2600 89011227,36 1780717,38 101084103,00  100 graphics/selection/selection-100-2600.txt
2700 95905111,69 2472612,42 116684322,00  100 graphics/selection/selection-100-2700.txt
2800 103109293,18 1415613,99 112272186,00  100 graphics/selection/selection-100-2800.txt
2900 110460426,66 2954134,65 138532516,00  100 graphics/selection/selection-100-2900.txt
3000 118080538,74 873464,41 122596280,00  100 graphics/selection/selection-100-3000.txt
