88830413
87465728
88413453
90440208
96088637
88250681
88485685
87685632
88727501
88668678
88427766
89129561
87656897
88120120
87884621
89687901
88592823
88835743
87807363
88958854
88158139
88129443
89270300
89660516
90028265
88526620
89181540
87935207
88672229
87922297
88449025
89067947
88292764
88279826
88338161
88069608
88723043
88222169
88973041
88962318
88270878
89137438
89225753
87988963
88698714
88706538
90025062
91432960
88222117
88484973
88273057
89811238
88313014
88020283
87904910
88238093
88282418
88164945
88451000
89954962
93512262
92053046
89230425
88533732
88800239
88166607
88050604
89183669
88677544
87746437
95129136
101084103
88438150
87837032
89449368
90182873
89110578
89146504
89790237
88785390
89448620
88556811
87965287
88903027
88378872
88495761
88199658
88425551
89028870
88541274
88965706
88859511
88626974
88353040
88244299
88295547
88512900
89422560
88063815
88298678
