47968231
47418529
47802691
47387170
47682177
48946269
49184771
47990542
47322223
47700539
47811037
47912039
47497795
47745845
47652617
48052072
48292242
48532985
48122249
47389417
47531502
47989676
48319119
47545091
47640810
48034948
47679190
47649634
47528077
47639152
47656045
47418529
47677543
47658352
47587019
47166870
47999582
50418177
47315665
48787219
47865556
48629768
47908934
47270580
48184219
48146253
48045316
47948383
47233119
47385254
47807222
48062924
48227423
47829491
47551950
48017383
47763190
47880800
47602321
47551381
47518821
47685854
47287021
47639250
47618878
47349833
47496098
47932294
47671158
47722025
47543420
48087784
47887057
47653725
47672035
48364364
47658549
47665513
47712274
47779665
47769794
47439045
47580933
47297621
47704028
47933675
47574109
48417088
48904382
47472688
48085487
47526786
47665026
47649318
49329130
47969474
47892496
47996225
47410797
47532327
