125759
148745
125889
126298
132522
127624
123459
196325
125293
128520
181548
135331
132646
134821
142222
133454
134130
134403
133274
135053
133230
147728
133965
137632
137500
141616
134939
135184
133326
135836
135736
136189
139539
135863
133771
134843
133748
134763
133976
134266
134197
141412
139906
136375
133734
133809
134447
133731
134673
133225
133869
132241
125413
125322
135052
134479
134509
138250
136313
135654
133674
134843
133562
135115
381038
136256
134267
133807
136999
133507
134739
134373
134738
135721
133731
134766
135498
134106
133110
134910
135326
140907
133944
133544
137630
141675
133707
133978
134432
134262
154350
133913
133631
134428
135784
135767
133612
133739
135165
133754
