58690563
58505068
57850048
58322713
57739745
60563668
59677269
58368452
57865746
58238397
57726745
58051822
59153801
57791699
59106257
58049595
57721063
58167799
57929540
58024380
57760493
57818163
57830488
57864634
57947921
57960211
57956855
57891226
57991296
57768472
57844991
57448452
57516005
58012203
60172876
57907246
57887245
57772631
58428008
57842570
60622898
58337572
57733469
57891609
57917129
58922189
73123626
58829250
57839436
58272358
58482003
58735091
57615315
58185693
58067757
57757610
58051886
57813729
57433479
57542709
58387510
58202551
58148011
58115153
58336756
58147199
58077250
57215636
58008413
57732539
57613113
57540346
58353278
58168413
58141792
58213411
58116486
58343350
58302953
57868920
58262371
59041635
57746955
58666187
57907773
57811690
57995370
57628312
58564927
58030920
57617892
58353852
60596834
57976000
57992516
58128413
58348509
58215139
98654120
57637713
