93283
90762
90769
90627
89756
90089
91718
91040
91092
92376
89471
91958
91111
89450
89739
89586
89133
89914
90964
91169
89785
90987
107712
90364
91332
93237
93526
89442
89926
89534
89320
92575
89714
90459
92129
90061
89359
156462
90325
89669
90874
92110
140804
89854
97679
92287
91327
162784
89492
90617
91097
90557
91659
91300
94055
89999
90297
91291
89885
95428
89525
93381
90676
117935
92234
89716
89820
89882
90198
92241
90051
89891
89805
91863
102250
89421
92264
90152
91460
89794
89450
90176
89454
89953
89068
90231
89019
89765
89247
106725
92138
90238
90593
90535
90602
90828
90322
99310
89491
105025
