104397
102994
104320
102391
104581
102743
103229
102605
101507
102974
104751
102510
104526
102231
107903
102709
102680
104736
103643
102757
105132
102389
104056
103249
103413
102551
104078
102336
102140
103388
103664
117142
105602
104343
167898
104946
103745
102389
167003
102253
105459
103503
102791
102312
108040
118639
121493
103032
103792
103272
103099
103241
106390
104382
103139
103748
108145
103367
104089
104984
103804
103959
103639
103290
106135
105778
105045
105361
103681
136175
102129
103606
104064
103599
104122
104538
103471
103370
105933
102716
105137
106910
104323
103962
105509
105595
105823
104064
104451
104631
103117
124536
103125
105438
102742
104311
102543
102625
103169
103862
