54148
53302
53939
53673
53346
53547
53587
81278
55394
53885
54627
53811
53549
53721
53934
53954
53415
55374
54649
54509
54444
53369
68915
53301
54574
53892
56497
54229
56063
91379
99213
56279
77399
54938
60203
56445
147369
56149
57986
54982
56363
59134
55722
61431
54628
53448
55090
54426
55032
54228
51181
54294
56058
54885
94842
55890
56496
54182
54613
69542
55180
54195
54051
54620
53383
54145
54371
53744
54005
54515
56334
53503
53789
54404
55003
54561
54086
53701
54770
54253
55509
54313
54355
94945
54267
54043
53376
56107
53962
53890
53985
53682
54748
54512
54982
54619
54350
54029
54099
53983
