72512
72233
73866
73414
72409
71810
72024
74516
73348
71388
71365
72542
85222
73849
71631
71368
71610
75117
73014
71062
74300
72772
72532
72155
71474
72590
73501
73799
72307
71496
71605
71842
73627
71786
71524
92493
72005
72728
72315
71655
71290
74038
71593
73020
72337
74059
75240
72682
72725
73549
73032
72147
75379
72010
71404
75018
72494
72421
71487
72122
71552
71373
71110
71429
72511
72290
75943
71722
72879
73663
69076
73115
72516
72923
71824
71701
71264
71697
72472
94733
75115
71837
73491
71368
73128
74073
71234
71622
72716
74102
74506
71750
72025
73505
71506
71815
72920
72772
71803
71251
