31460
31971
32872
31762
32083
31074
33081
31787
31374
32350
32118
31727
33532
31235
33120
31580
31522
32284
31797
31402
31066
31421
31759
31329
31561
32309
31221
32018
31377
31093
31302
31130
31352
31427
32019
37734
31330
32477
31979
31324
31942
31219
31552
31411
31444
31238
31357
31409
32163
32433
31346
32090
31946
31326
32328
31961
31817
31574
31518
31684
31806
31557
31585
31868
32281
31623
31523
32014
32169
31300
32283
32445
32129
32038
31425
30992
31634
31785
31476
32181
32396
32126
31224
32630
31953
31907
32447
31399
31671
32123
32172
31218
31905
32033
31179
31721
31588
32620
31944
31553
