95585
94933
95714
96601
107650
94322
97773
94350
93713
93405
96439
94254
94238
93324
108348
94430
94904
94907
93716
93700
94841
98184
95756
93530
96190
98295
95441
97965
108122
104630
93708
95154
96859
94539
93602
94727
95690
98528
95046
93771
96243
96264
94391
96669
94858
94985
94114
107187
94837
99040
94415
99417
97512
97325
94352
99779
93934
99329
201019
93987
95855
97037
94360
94046
94897
93755
95940
97234
94400
94838
96446
96143
94726
95474
94107
93596
96883
97544
94488
101168
94342
93756
96643
93889
97444
97855
94012
94765
94359
97994
93519
94998
97391
94652
97052
99749
94383
94766
95842
94166
