49406
50240
50382
49256
51072
49678
52196
49840
49205
48977
49463
74814
49176
49494
49456
49368
50992
49738
50098
51007
48970
50375
50198
48878
49507
50753
49819
50410
50697
49787
49334
48889
50110
49783
50155
49276
48969
51169
51502
48641
49721
51210
49729
48979
49976
49057
50084
49569
49456
51164
49614
49540
49092
48995
49258
49524
50932
49964
50694
51030
49272
49645
50437
49641
49827
49357
56618
49499
49589
52256
49068
49093
49918
49576
84874
49820
49939
63630
50780
49823
49456
49536
49158
51935
49634
49386
49710
48979
49103
60370
49200
49390
51905
50096
49235
50038
49114
50406
49104
49019
