85286
85195
88055
85436
78897
86608
85399
85840
84998
84879
84935
85638
85383
84946
88043
87907
85247
84972
84689
84699
85054
85388
84731
84644
84723
84831
86823
85408
85602
85368
85222
97237
84843
85797
85331
86954
84667
86051
85988
86698
85618
84304
85663
86368
86248
85644
88121
85328
88010
100439
86167
89494
85590
89352
108568
86892
85596
85381
85928
85392
87513
85107
86640
88425
85511
84766
84833
85301
87395
85705
86345
84736
84547
85081
86607
84833
84606
84784
84521
85146
85127
86452
85846
86599
86131
87710
87327
86828
86151
87058
86386
85770
94445
85915
88861
84455
85110
88684
87640
88565
