131829
134674
130234
139644
133571
129369
132375
131737
134125
131519
129329
132139
131327
136078
132544
130855
140558
130280
134660
144864
132696
130697
130550
130724
130996
131331
129175
130686
130038
132856
134430
129268
131581
131039
131778
134345
149871
133822
132073
132541
134201
129935
131680
130066
133668
130397
131177
129202
136680
131381
131700
129261
133809
132867
135160
129345
131707
135558
134106
130218
130931
130275
130943
130521
133675
132308
136114
133617
133116
130543
146599
129794
132758
131023
131255
144207
130575
130935
132702
130967
136019
133780
134183
130317
133209
130572
135423
132510
135680
129906
130087
130063
130338
134464
132390
132058
130268
133546
130193
131731
