81905
76526
77173
75975
75810
75819
76477
84349
76820
77015
76891
76644
76603
75693
75957
77124
76841
75630
108199
77398
72221
75837
76342
76151
103555
76495
76811
79932
76237
75956
75586
78801
75927
75978
75780
75930
75538
75392
76892
78912
82901
77311
76627
75863
77163
76415
77764
77258
76036
76102
77834
76007
76338
76853
77802
77379
78411
76100
78565
79390
77448
76170
75835
75678
76188
76682
76864
78604
76816
76731
77196
77695
76644
77352
75832
76550
76470
76958
75971
79930
77644
76389
75891
78098
76473
76358
76012
77519
76241
77109
75904
76386
100371
75944
76414
77415
81516
76556
78203
75710
