58525
60215
57801
62106
106059
61609
59792
58817
59922
63287
60563
61614
60692
58055
61288
58641
58323
59356
58637
60471
58120
60299
58543
58905
58053
60158
58668
58734
59395
60818
58386
60119
59321
59545
59495
58448
58983
61722
58859
57857
58147
59695
58058
60219
58638
58867
58816
58209
58669
60111
58215
59223
59339
58442
58817
65962
58144
58140
58972
60159
59037
58763
58813
60201
58125
58362
59214
60133
58649
68138
59608
58694
58080
74674
58186
61230
61279
58743
57910
59936
58232
58208
58789
57939
58842
59383
58017
58100
58112
72086
58156
58627
58236
58683
58768
58321
60024
58566
58835
58936
