4803
5563
5163
5095
5067
4996
5220
5264
5105
5344
5213
5029
5080
5007
5051
5703
5322
5082
5207
5285
5289
5052
5284
5068
5157
5127
5071
5204
5196
5093
5130
5125
5168
5224
5059
5340
5209
5025
5263
5143
4999
5161
5176
5190
5265
5094
5113
5173
4996
5126
8080
5374
5024
5352
5013
5135
4983
5210
5028
5063
5280
5094
8421
5519
5546
5272
5404
5715
5757
6084
5409
5229
5350
5111
5529
5177
5419
5311
5237
5231
5306
5032
5115
5097
4988
5058
5068
5145
5237
5108
5054
5143
5171
5240
5063
5123
5446
5093
5083
5109
