107799
108146
113432
108433
157882
118207
111569
106728
108132
108634
111936
110394
109609
111523
107814
107981
108535
111720
122218
107751
109783
107007
158510
109842
109527
109307
109201
107508
107809
109510
108242
108025
106965
109581
107070
107286
109185
110076
114357
109179
109342
121734
107503
109334
111837
107415
108650
108420
107560
107030
109181
124770
108668
107435
107740
107693
107928
108128
111191
106877
110805
108417
108058
110224
111329
110789
109463
108988
139461
111758
108739
108033
108573
109775
109673
107623
129282
107542
110600
109339
108946
107411
108376
137866
110136
139242
109986
109233
110161
107154
109274
109548
107071
108690
108105
107672
109034
107346
108074
107368
