80853
84477
81110
83967
146008
81522
80590
83167
81175
80057
81511
81081
82004
79964
82514
79828
80974
80624
82328
80160
81896
80153
83836
81598
81232
80460
80289
83288
80981
80465
81355
81265
80739
82034
82159
81553
81086
76570
83090
79814
81057
80302
79981
82225
80278
80957
84072
80864
80998
82058
81330
81913
85557
81006
80892
80519
81891
80723
81174
80963
81035
85028
95216
81675
82245
84858
82454
81728
80369
81215
90903
82708
80518
103212
81111
80362
80604
98504
81455
82639
80579
80418
80680
96052
83277
80741
81208
93541
81090
81537
82448
80628
81839
83684
86018
83455
84173
81833
80825
81015
