9141
8964
10334
8861
8867
8905
9201
9216
9285
8903
9037
9251
9585
9281
9318
9279
9255
8893
9086
8928
9018
9013
8835
8833
8898
8984
9128
8972
8971
9109
9387
9399
9075
8959
9290
9572
9625
8929
9347
9103
8907
8958
9312
9071
9085
8934
9149
8876
8816
9034
9426
9139
9806
8997
8938
8989
8893
9071
8979
9050
9076
8999
8966
8919
9091
9159
9184
9080
8981
8923
9036
9081
8872
8991
8823
9299
11430
9029
9095
9256
9145
9332
9069
9151
9017
9092
9104
8886
8988
8927
9138
9076
8979
8815
8977
9315
9097
9014
8925
8993
