22739
24545
23125
22934
23015
22805
22482
23061
23087
22842
23235
22695
22666
22121
22639
22746
22714
23322
22452
22716
22244
23031
22861
22908
23011
22508
22825
22914
23221
22541
22514
22297
22744
22489
22476
22776
22908
22793
22156
22196
22516
23695
22635
22463
22305
22164
22407
22702
22813
23354
22297
22587
22092
22366
23231
22455
22663
22569
22451
22604
22315
22860
23426
23336
22178
22879
22745
22693
22447
22724
22619
22399
22594
23162
22149
23055
22677
22544
22360
22533
22634
22345
22988
23178
26753
22975
23316
26677
23359
23116
22752
22345
22347
23630
22763
23048
23724
23099
22545
22437
