62424
63979
64697
66540
63723
63495
62942
63230
62857
62935
62563
63818
63166
63909
62620
64132
62292
62958
66195
64618
63835
62438
63670
63663
63688
62391
62322
64934
62813
63617
62783
62811
64149
65088
62827
63093
62692
62315
63206
63680
62950
63184
63595
66048
63880
63078
63431
62187
64101
64319
64673
62624
63561
63088
63838
63324
63561
64493
62783
63126
62584
65230
64460
63670
62614
66434
64190
62856
62833
63154
63292
66308
89822
62847
64281
63797
63971
63424
62679
63259
62976
65106
62307
63584
64748
64246
64512
62507
63211
62572
63932
63410
64813
63482
63249
62974
63258
62703
63694
62544
