68955
67758
67599
66949
73543
67248
68423
66801
68433
67729
67447
66793
67480
67051
67886
70357
67279
67615
67754
69489
69382
67563
68289
67102
66768
68029
67914
66673
66929
67879
67274
67860
67759
68391
68024
68656
66833
67739
66917
67528
67694
67831
68595
71564
67237
70658
68999
67520
66741
68883
66845
69007
67742
67238
67834
68579
67707
67819
67156
68696
68210
68303
68088
68184
69943
67707
67539
67526
68956
67812
67502
67644
67751
67888
67071
67835
69352
68644
68055
67876
66875
68336
67299
98709
68055
68122
69016
68234
75615
68046
67852
67536
67054
67835
67719
69442
67560
68395
67212
67462
