26837
27530
28974
27367
28154
56808
27337
27307
28814
26743
27055
27410
28405
28376
46694
28169
28286
27167
29874
27946
26099
28948
29024
27657
27588
26926
26991
26781
55268
27509
27533
27624
27988
27309
26765
26778
27197
27195
27399
27054
27891
28155
27360
27362
27892
27203
27787
27298
27348
26553
27393
27081
26876
27305
27017
27802
27677
27340
26898
27221
26768
27084
27024
26912
27055
27746
26970
27110
27315
28017
26985
27386
27370
27698
27499
27631
26972
27331
27498
27072
26839
26855
26896
27012
27208
27118
27013
27909
26935
26862
26985
28835
27392
26833
26931
27820
27101
26795
27386
27753
