36760
36290
37242
35946
36786
35929
35799
35610
36147
36456
38365
36960
35592
36001
35725
35866
35960
36331
37687
51661
36892
35987
35895
36064
36203
35838
36282
36248
36921
36820
35863
36339
37228
36532
37309
35951
35824
36319
35542
36478
36537
36754
36638
36950
37312
36463
36423
36106
35608
35989
36043
36331
36013
36941
36063
35544
35858
36238
35902
36588
35859
35772
35670
35868
35746
35695
36741
36390
35633
37205
36399
37446
36476
35647
36061
35930
35886
36135
35544
35792
36674
36039
36243
35806
44326
36422
36053
35862
36041
36809
35791
36636
35939
35936
35517
35906
35852
36812
35773
35938
