137421
135000
135707
134508
135311
155691
136103
134751
134070
136404
140417
134711
139001
135244
137709
139773
134169
134788
135915
135721
134494
134866
140393
139040
134379
133387
143416
135048
134803
134968
136484
134772
157085
138608
154490
138416
138599
135957
137934
138443
152001
138092
135640
134734
136826
135837
135917
135962
141123
135496
134704
138987
138634
135035
136853
140045
134971
133964
136844
146290
137156
136668
135188
140458
174558
134238
133768
135575
135097
134324
134346
135665
135118
137133
148631
135398
133839
135649
137268
137856
136243
138629
139960
136769
136750
137099
224482
156167
139618
134461
147770
134358
134643
136469
134197
138442
124634
134334
137126
135331
