125200
124973
126619
125654
126281
132198
127881
125838
130035
132122
127617
126602
124525
127899
126440
125588
130026
128173
125188
128099
125137
128518
124621
131070
125629
131400
125975
124068
127883
124432
125863
125816
129458
124399
124959
126127
126876
125419
125465
126400
131466
126140
126808
124650
125659
126169
125938
126441
126632
130289
127029
129379
125904
127760
127392
126206
126352
126250
126941
127512
128127
126591
125173
126150
125966
128030
132315
125485
126626
126506
128403
125792
128829
129051
126622
131103
130801
143194
130608
128198
132159
128188
129111
135719
126286
129360
125535
126396
127291
130334
126799
126258
128613
129034
125975
127301
127786
125101
129155
129864
