40044
41143
40966
40405
40401
40003
40230
40245
39803
41243
40241
44141
72275
49078
41350
40735
40196
41135
42131
41450
40192
41545
40670
40192
40304
39936
40106
41025
49754
40643
42157
40543
40106
41514
41050
51211
39915
40158
41533
40603
40459
40784
40097
41024
40110
40237
41343
40648
40011
41053
40693
40815
40050
40839
41808
40767
40093
40482
41035
40694
40553
40158
41841
40391
42120
64702
40737
40259
41309
40199
41566
40812
40841
40445
40633
40947
42369
41078
40905
40309
40325
40998
40349
40959
40239
40745
40548
40617
40578
40089
42156
40707
42710
40420
40492
40832
41853
40679
40739
40827
