17960
18085
17300
18582
18169
17937
17835
18162
17760
18398
18358
18140
17859
17795
18315
18263
18028
17954
18120
17845
18252
18203
17770
18573
18044
18262
18240
18143
18382
17952
18444
17967
18854
17978
18079
18170
18022
17863
18269
18112
18219
18023
17931
17969
17865
18013
18289
17910
18200
18194
18231
17939
18010
17740
18322
17909
18161
17818
18516
18166
17691
18313
18011
18360
19486
18501
19602
18592
29769
23125
18453
18056
20430
19643
19306
19229
22289
18230
18373
19521
33676
20084
19766
18872
17873
17984
18579
17817
17943
18089
18221
17592
17926
17633
18268
18340
17891
17677
18087
18749
