46293
44754
46590
45015
45973
46364
49595
44901
45400
44738
45331
45713
45351
44920
47535
45086
45781
46375
45566
45885
44560
45784
44977
45374
46137
46359
46213
46088
46143
44872
44756
45643
47010
47078
45484
48567
45231
46352
46134
44713
47162
44886
46473
44550
45478
47062
44950
44330
46320
44660
45740
44587
45251
44965
46018
45932
44522
44413
47620
44718
44625
44716
45587
45067
46230
44996
44958
44791
46069
44865
44713
45726
45096
45775
44752
45188
45908
45141
45366
45022
44935
77652
45066
44886
45310
44956
44354
44624
44576
44687
45382
44709
44877
44812
44991
45304
45825
44744
45484
44682
