123607
173060
120717
116877
121611
119799
117364
120646
119212
115949
145584
117023
115979
116695
116334
116892
116124
116015
115678
116718
121577
116050
116655
140518
117488
117585
116918
119193
117572
116225
115596
116489
118964
115653
180703
117751
118552
126555
116498
117850
118065
120622
118702
117337
116442
117565
121573
115941
118130
115881
117143
120342
121327
117201
116032
118672
117551
118058
117333
116908
118626
119778
120512
117013
118336
118752
119232
117570
115962
205623
117458
115386
117500
116477
120821
119070
117069
121038
116658
116440
118444
116137
117363
118241
120929
117366
119531
118875
121258
128901
117105
118985
116198
116800
117356
115799
118308
119479
116897
107872
