112120
112124
112825
114455
115854
111508
127572
111171
112565
113455
111132
112121
110976
113458
128802
111847
112863
113397
113310
118869
113047
114258
113188
116680
111231
112826
111641
112276
111777
111750
113270
114782
116098
115771
112902
113464
202047
113450
115143
126476
111261
116619
103938
112369
112324
113383
112301
115293
111255
136294
112103
114849
111015
112475
113876
116844
114586
112287
114080
113349
131655
111798
111738
115803
115346
112068
113428
114334
115598
112022
112163
113539
118061
116240
113711
114511
113026
111554
111195
112534
115133
113241
114675
113469
113052
112507
112176
114002
114507
113253
115839
112636
128019
114958
112343
112172
112785
112828
112038
113679
