121671
120875
123826
122836
122455
121896
121832
120485
128086
121644
124915
121497
120009
142495
122520
121056
123061
122886
123783
120047
121389
123111
120613
125430
121265
120277
121685
122588
121163
123947
126066
124982
123326
143829
120004
122897
121864
121507
121648
122047
129008
122715
125444
124059
128128
120643
123882
124740
121102
121892
120654
122338
120838
127222
126936
121215
120243
121591
122048
124187
122354
120978
120498
121827
123217
121929
121759
121821
122189
123116
121494
123239
123360
120383
121491
122720
122196
122369
120877
120177
122755
124161
121735
124338
120971
121940
202243
121828
121179
121485
121743
123590
121343
140942
121266
120848
127326
123294
120108
121748
