103996
98214
98969
102599
98690
98312
104629
98205
98175
98494
98080
98968
100253
101813
97977
100992
98974
101206
103153
99037
97997
97660
104431
98554
98585
107872
99210
99387
141555
99959
98884
100021
101319
99841
99719
98908
100560
102404
101486
100579
99483
99099
98075
100976
99164
102066
98159
100466
100452
98110
99496
101861
99230
100400
99695
98705
97848
99433
99500
104112
98583
102355
101457
103397
101841
98823
98428
100612
98609
108731
100968
100392
98665
103149
98541
102843
101060
116289
99200
103444
99140
99624
99223
100414
98656
114503
98100
103436
98271
99029
104766
102950
205509
185395
248891
101003
102203
103343
102882
97901
