13558
13373
13481
13671
14125
13503
13401
13309
21074
13366
13490
13182
13662
13267
13904
13310
13609
13386
14443
13500
13408
13878
13770
13626
13652
13780
13538
13691
13363
13536
13641
13693
13423
13550
13391
13543
13648
13418
13831
13591
13614
13589
13457
13472
13223
13695
13937
13871
13439
13596
14128
13225
13428
22337
13491
13997
13815
13555
13371
13341
13815
13384
13416
13395
13762
14185
13395
13909
13551
13789
14201
14180
14250
13636
13475
13456
13925
13585
13886
13504
13476
13906
13571
13285
14090
13648
13339
13622
13479
13491
13289
13393
14143
13414
13583
13321
13427
13441
13340
13956
